0.0 0.0 -0.011013706655006672
0.0 0.15707963267948966 -0.011013706655035094
0.0 0.3141592653589793 -0.011013706655035094
0.0 0.47123889803846897 -0.011013706655006672
0.0 0.6283185307179586 -0.011013706655006672
0.0 0.7853981633974483 -0.011013706655006672
0.0 0.9424777960769379 -0.011013706655006672
0.0 1.0995574287564276 -0.011013706655006672
0.0 1.2566370614359172 -0.011013706655035094
0.0 1.413716694115407 -0.011013706655006672
0.0 1.5707963267948966 -0.011013706655006672
0.0 1.7278759594743862 -0.011013706655035094
0.0 1.8849555921538759 -0.011013706655035094
0.0 2.0420352248333655 -0.011013706655035094
0.0 2.199114857512855 -0.011013706655006672
0.0 2.356194490192345 -0.011013706655006672
0.0 2.5132741228718345 -0.011013706655006672
0.0 2.670353755551324 -0.011013706655035094
0.0 2.827433388230814 -0.011013706655006672
0.0 2.9845130209103035 -0.011013706655035094
0.0 3.141592653589793 -0.011013706655035094
0.0 3.2986722862692828 -0.011013706655006672
0.0 3.4557519189487724 -0.011013706655035094
0.0 3.612831551628262 -0.011013706655035094
0.0 3.7699111843077517 -0.011013706655035094
0.0 3.9269908169872414 -0.011013706655006672
0.0 4.084070449666731 -0.011013706655006672
0.0 4.241150082346221 -0.011013706655035094
0.0 4.39822971502571 -0.011013706655006672
0.0 4.5553093477052 -0.011013706655006672
0.0 4.71238898038469 -0.011013706655006672
0.0 4.869468613064179 -0.011013706655006672
0.0 5.026548245743669 -0.011013706655006672
0.0 5.183627878423159 -0.011013706655035094
0.0 5.340707511102648 -0.011013706655006672
0.0 5.497787143782138 -0.011013706655006672
0.0 5.654866776461628 -0.011013706655006672
0.0 5.811946409141117 -0.011013706655006672
0.0 5.969026041820607 -0.011013706655006672
0.0 6.126105674500097 -0.011013706655035094
0.0 6.283185307179586 -0.011013706655006672
0.07853981633974483 0.0 -0.011017802158335144
0.07853981633974483 0.15707963267948966 -0.011017626228039035
0.07853981633974483 0.3141592653589793 -0.011017398817330104
0.07853981633974483 0.47123889803846897 -0.011017117176720603
0.07853981633974483 0.6283185307179586 -0.011016780006002591
0.07853981633974483 0.7853981633974483 -0.011016388302095947
0.07853981633974483 0.9424777960769379 -0.011015946086615713
0.07853981633974483 1.0995574287564276 -0.01101546090765737
0.07853981633974483 1.2566370614359172 -0.011014944027579077
0.07853981633974483 1.413716694115407 -0.01101441024437122
0.07853981633974483 1.5707963267948966 -0.011013877337546774
0.07853981633974483 1.7278759594743862 -0.011013365173113243
0.07853981633974483 1.8849555921538759 -0.011012894538538376
0.07853981633974483 2.0420352248333655 -0.011012485809857253
0.07853981633974483 2.199114857512855 -0.011012157568387693
0.07853981633974483 2.356194490192345 -0.011011925291057878
0.07853981633974483 2.5132741228718345 -0.011011800228914126
0.07853981633974483 2.670353755551324 -0.011011788577889092
0.07853981633974483 2.827433388230814 -0.011011891014675257
0.07853981633974483 2.9845130209103035 -0.011012102641672072
0.07853981633974483 3.141592653589793 -0.011012413345639516
0.07853981633974483 3.2986722862692828 -0.011012808536747798
0.07853981633974483 3.4557519189487724 -0.011013270202226977
0.07853981633974483 3.612831551628262 -0.011013778178210032
0.07853981633974483 3.7699111843077517 -0.01101431152699206
0.07853981633974483 3.9269908169872414 -0.011014849898344892
0.07853981633974483 4.084070449666731 -0.011015374752389562
0.07853981633974483 4.241150082346221 -0.011015870341793743
0.07853981633974483 4.39822971502571 -0.011016324367545849
0.07853981633974483 4.5553093477052 -0.01101672826607114
0.07853981633974483 4.71238898038469 -0.011017077121607599
0.07853981633974483 4.869468613064179 -0.011017369245735154
0.07853981633974483 5.026548245743669 -0.011017605501052685
0.07853981633974483 5.183627878423159 -0.011017788472429402
0.07853981633974483 5.340707511102648 -0.011017921595254165
0.07853981633974483 5.497787143782138 -0.011018008341835639
0.07853981633974483 5.654866776461628 -0.011018051544709806
0.07853981633974483 5.811946409141117 -0.011018052909889775
0.07853981633974483 5.969026041820607 -0.011018012749445916
0.07853981633974483 6.126105674500097 -0.01101792994762718
0.07853981633974483 6.283185307179586 -0.011017802158335144
0.15707963267948966 0.0 -0.011024390577006216
0.15707963267948966 0.15707963267948966 -0.011024262997466394
0.15707963267948966 0.3141592653589793 -0.011024057288352651
0.15707963267948966 0.47123889803846897 -0.011023746818494828
0.15707963267948966 0.6283185307179586 -0.01102330664301121
0.15707963267948966 0.7853981633974483 -0.011022717708044638
0.15707963267948966 0.9424777960769379 -0.011021970897843403
0.15707963267948966 1.0995574287564276 -0.011021070194402682
0.15707963267948966 1.2566370614359172 -0.011020034366481468
0.15707963267948966 1.413716694115407 -0.011018896906421105
0.15707963267948966 1.5707963267948966 -0.01101770424659776
0.15707963267948966 1.7278759594743862 -0.011016512541942802
0.15707963267948966 1.8849555921538759 -0.011015383435790227
0.15707963267948966 2.0420352248333655 -0.011014379258995177
0.15707963267948966 2.199114857512855 -0.011013558088905029
0.15707963267948966 2.356194490192345 -0.011012969058924682
0.15707963267948966 2.5132741228718345 -0.011012648304699724
0.15707963267948966 2.670353755551324 -0.01101261591486491
0.15707963267948966 2.827433388230814 -0.011012874201412615
0.15707963267948966 2.9845130209103035 -0.01101340748962798
0.15707963267948966 3.141592653589793 -0.01101418345416505
0.15707963267948966 3.2986722862692828 -0.011015155846934022
0.15707963267948966 3.4557519189487724 -0.011016268322833866
0.15707963267948966 3.612831551628262 -0.01101745899691764
0.15707963267948966 3.7699111843077517 -0.011018665348956347
0.15707963267948966 3.9269908169872414 -0.011019829087189237
0.15707963267948966 4.084070449666731 -0.011020900564943759
0.15707963267948966 4.241150082346221 -0.011021842316637276
0.15707963267948966 4.39822971502571 -0.011022631285129592
0.15707963267948966 4.5553093477052 -0.011023259406442776
0.15707963267948966 4.71238898038469 -0.011023732430288646
0.15707963267948966 4.869468613064179 -0.011024067154181694
0.15707963267948966 5.026548245743669 -0.01102428756377094
0.15707963267948966 5.183627878423159 -0.011024420580810101
0.15707963267948966 5.340707511102648 -0.011024492139711128
0.15707963267948966 5.497787143782138 -0.01102452412615662
0.15707963267948966 5.654866776461628 -0.011024532382378993
0.15707963267948966 5.811946409141117 -0.011024525654022455
0.15707963267948966 5.969026041820607 -0.01102450518033038
0.15707963267948966 6.126105674500097 -0.011024464664188827
0.15707963267948966 6.283185307179586 -0.011024390577006216
0.23561944901923448 0.0 -0.011033154726391103
0.23561944901923448 0.15707963267948966 -0.011033274738224463
0.23561944901923448 0.3141592653589793 -0.01103332682558289
0.23561944901923448 0.47123889803846897 -0.011033242125222387
0.23561944901923448 0.6283185307179586 -0.01103294888491746
0.23561944901923448 0.7853981633974483 -0.011032384226467684
0.23561944901923448 0.9424777960769379 -0.011031506086425225
0.23561944901923448 1.0995574287564276 -0.011030302454742014
0.23561944901923448 1.2566370614359172 -0.01102879595495665
0.23561944901923448 1.413716694115407 -0.011027043222043176
0.23561944901923448 1.5707963267948966 -0.011025129850679605
0.23561944901923448 1.7278759594743862 -0.011023162425004784
0.23561944901923448 1.8849555921538759 -0.011021259171229758
0.23561944901923448 2.0420352248333655 -0.011019540288941698
0.23561944901923448 2.199114857512855 -0.011018118475192296
0.23561944901923448 2.356194490192345 -0.011017089871330654
0.23561944901923448 2.5132741228718345 -0.011016525849157688
0.23561944901923448 2.670353755551324 -0.011016466425019189
0.23561944901923448 2.827433388230814 -0.011016916317487357
0.23561944901923448 2.9845130209103035 -0.011017844433183654
0.23561944901923448 3.141592653589793 -0.011019186915603996
0.23561944901923448 3.2986722862692828 -0.011020853152160726
0.23561944901923448 3.4557519189487724 -0.011022733717254596
0.23561944901923448 3.612831551628262 -0.01102470930723598
0.23561944901923448 3.7699111843077517 -0.011026660103681252
0.23561944901923448 3.9269908169872414 -0.01102847531691964
0.23561944901923448 4.084070449666731 -0.011030062569290067
0.23561944901923448 4.241150082346221 -0.011031356294950001
0.23561944901923448 4.39822971502571 -0.011032323770365338
0.23561944901923448 4.5553093477052 -0.011032967198389088
0.23561944901923448 4.71238898038469 -0.011033320762322774
0.23561944901923448 4.869468613064179 -0.011033442717121034
0.23561944901923448 5.026548245743669 -0.011033404029177518
0.23561944901923448 5.183627878423159 -0.01103327620978689
0.23561944901923448 5.340707511102648 -0.011033121277080227
0.23561944901923448 5.497787143782138 -0.011032985907831971
0.23561944901923448 5.654866776461628 -0.011032900089105624
0.23561944901923448 5.811946409141117 -0.011032878715639072
0.23561944901923448 5.969026041820607 -0.011032923614692436
0.23561944901923448 6.126105674500097 -0.01103302395969763
0.23561944901923448 6.283185307179586 -0.011033154726391103
0.3141592653589793 0.0 -0.011043800033007756
0.3141592653589793 0.15707963267948966 -0.01104431858954058
0.3141592653589793 0.3141592653589793 -0.01104482964214526
0.3141592653589793 0.47123889803846897 -0.01104520564118161
0.3141592653589793 0.6283185307179586 -0.011045302108101396
0.3141592653589793 0.7853981633974483 -0.011044984676914282
0.3141592653589793 0.9424777960769379 -0.011044156700876329
0.3141592653589793 1.0995574287564276 -0.011042779387167911
0.3141592653589793 1.2566370614359172 -0.01104087979928181
0.3141592653589793 1.413716694115407 -0.011038546497104562
0.3141592653589793 1.5707963267948966 -0.011035916299221071
0.3141592653589793 1.7278759594743862 -0.011033157312283493
0.3141592653589793 1.8849555921538759 -0.011030452543678848
0.3141592653589793 2.0420352248333655 -0.01102798589695908
0.3141592653589793 2.199114857512855 -0.01102592986592299
0.3141592653589793 2.356194490192345 -0.011024433275281353
0.3141592653589793 2.5132741228718345 -0.011023608470480895
0.3141592653589793 2.670353755551324 -0.011023519444506746
0.3141592653589793 2.827433388230814 -0.011024173956883487
0.3141592653589793 2.9845130209103035 -0.01102552236514498
0.3141592653589793 3.141592653589793 -0.01102746369781471
0.3141592653589793 3.2986722862692828 -0.011029856902950996
0.3141592653589793 3.4557519189487724 -0.01103253400899007
0.3141592653589793 3.612831551628262 -0.01103531286619841
0.3141592653589793 3.7699111843077517 -0.011038009274102478
0.3141592653589793 3.9269908169872414 -0.011040450028446003
0.3141592653589793 4.084070449666731 -0.011042488230657455
0.3141592653589793 4.241150082346221 -0.011044020093152085
0.3141592653589793 4.39822971502571 -0.011044999692103374
0.3141592653589793 4.5553093477052 -0.011045446535774772
0.3141592653589793 4.71238898038469 -0.01104544166435062
0.3141592653589793 4.869468613064179 -0.011045111156136045
0.3141592653589793 5.026548245743669 -0.011044600257378079
0.3141592653589793 5.183627878423159 -0.011044045233148836
0.3141592653589793 5.340707511102648 -0.01104355161706394
0.3141592653589793 5.497787143782138 -0.011043185422437318
0.3141592653589793 5.654866776461628 -0.011042978220615396
0.3141592653589793 5.811946409141117 -0.011042940282607105
0.3141592653589793 5.969026041820607 -0.011043072135151988
0.3141592653589793 6.126105674500097 -0.011043366610692829
0.3141592653589793 6.283185307179586 -0.011043800032979334
0.39269908169872414 0.0 -0.011056071032385262
0.39269908169872414 0.15707963267948966 -0.011057076573820268
0.39269908169872414 0.3141592653589793 -0.01105819781429318
0.39269908169872414 0.47123889803846897 -0.011059232362356397
0.39269908169872414 0.6283185307179586 -0.01105993296835095
0.39269908169872414 0.7853981633974483 -0.01106006216213018
0.39269908169872414 0.9424777960769379 -0.011059446667928796
0.39269908169872414 1.0995574287564276 -0.011058014247566916
0.39269908169872414 1.2566370614359172 -0.01105580422586172
0.39269908169872414 1.413716694115407 -0.011052952957584239
0.39269908169872414 1.5707963267948966 -0.011049663721308889
0.39269908169872414 1.7278759594743862 -0.011046174052353308
0.39269908169872414 1.8849555921538759 -0.011042730611762863
0.39269908169872414 2.0420352248333655 -0.011039574111066486
0.39269908169872414 2.199114857512855 -0.01103692959276259
0.39269908169872414 2.356194490192345 -0.011034994967332068
0.39269908169872414 2.5132741228718345 -0.011033924062871847
0.39269908169872414 2.670353755551324 -0.011033806889230391
0.39269908169872414 2.827433388230814 -0.011034654831462376
0.39269908169872414 2.9845130209103035 -0.011036398138315917
0.39269908169872414 3.141592653589793 -0.011038897241178347
0.39269908169872414 3.2986722862692828 -0.011041962375713865
0.39269908169872414 3.4557519189487724 -0.011045372993493174
0.39269908169872414 3.612831551628262 -0.011048891597340571
0.39269908169872414 3.7699111843077517 -0.011052273328516549
0.39269908169872414 3.9269908169872414 -0.011055277980148048
0.39269908169872414 4.084070449666731 -0.011057691018066862
0.39269908169872414 4.241150082346221 -0.011059354059085535
0.39269908169872414 4.39822971502571 -0.011060196860142923
0.39269908169872414 4.5553093477052 -0.011060257936179596
0.39269908169872414 4.71238898038469 -0.011059682548875571
0.39269908169872414 4.869468613064179 -0.011058693936092823
0.39269908169872414 5.026548245743669 -0.011057543311551399
0.39269908169872414 5.183627878423159 -0.011056453372844999
0.39269908169872414 5.340707511102648 -0.011055575281915253
0.39269908169872414 5.497787143782138 -0.011054976010569817
0.39269908169872414 5.654866776461628 -0.01105465975365405
0.39269908169872414 5.811946409141117 -0.011054608988956716
0.39269908169872414 5.969026041820607 -0.01105481907217154
0.39269908169872414 6.126105674500097 -0.011055304219780737
0.39269908169872414 6.283185307179586 -0.011056071032385262
0.47123889803846897 0.0 -0.011069752277620637
0.47123889803846897 0.15707963267948966 -0.011071265877177439
0.47123889803846897 0.3141592653589793 -0.011073089773560696
0.47123889803846897 0.47123889803846897 -0.011074930069497668
0.47123889803846897 0.6283185307179586 -0.011076403495366094
0.47123889803846897 0.7853981633974483 -0.01107713578056746
0.47123889803846897 0.9424777960769379 -0.01107685601959929
0.47123889803846897 1.0995574287564276 -0.011075456455444055
0.47123889803846897 1.2566370614359172 -0.011073003732178677
0.47123889803846897 1.413716694115407 -0.011069705288292653
0.47123889803846897 1.5707963267948966 -0.011065850096514396
0.47123889803846897 1.7278759594743862 -0.01106175077751459
0.47123889803846897 1.8849555921538759 -0.011057707962208951
0.47123889803846897 2.0420352248333655 -0.011054000093622562
0.47123889803846897 2.199114857512855 -0.011050885274073607
0.47123889803846897 2.356194490192345 -0.01104859721422713
0.47123889803846897 2.5132741228718345 -0.01104732558931687
0.47123889803846897 2.670353755551324 -0.01104718561015261
0.47123889803846897 2.827433388230814 -0.011048192703754012
0.47123889803846897 2.9845130209103035 -0.011050257726878954
0.47123889803846897 3.141592653589793 -0.011053206087439094
0.47123889803846897 3.2986722862692828 -0.011056809398041878
0.47123889803846897 3.4557519189487724 -0.011060811905394985
0.47123889803846897 3.612831551628262 -0.011064940774758725
0.47123889803846897 3.7699111843077517 -0.01106890434499519
0.47123889803846897 3.9269908169872414 -0.011072395205076191
0.47123889803846897 4.084070449666731 -0.011075115736502994
0.47123889803846897 4.241150082346221 -0.011076829747821648
0.47123889803846897 4.39822971502571 -0.011077423960415445
0.47123889803846897 4.5553093477052 -0.011076952162738962
0.47123889803846897 4.71238898038469 -0.011075639138141469
0.47123889803846897 4.869468613064179 -0.01107383576754728
0.47123889803846897 5.026548245743669 -0.011071933857408567
0.47123889803846897 5.183627878423159 -0.011070265866578666
0.47123889803846897 5.340707511102648 -0.01106902694957057
0.47123889803846897 5.497787143782138 -0.011068255335743515
0.47123889803846897 5.654866776461628 -0.011067883025674519
0.47123889803846897 5.811946409141117 -0.011067828901275334
0.47123889803846897 5.969026041820607 -0.011068077205919735
0.47123889803846897 6.126105674500097 -0.011068691082698479
0.47123889803846897 6.283185307179586 -0.011069752277620637
0.5497787143782138 0.0 -0.0110846550095971
0.5497787143782138 0.15707963267948966 -0.01108663426762746
0.5497787143782138 0.3141592653589793 -0.011089191057152448
0.5497787143782138 0.47123889803846897 -0.011091923903734369
0.5497787143782138 0.6283185307179586 -0.011094281010031182
0.5497787143782138 0.7853981633974483 -0.011095719270826976
0.5497787143782138 0.9424777960769379 -0.01109585119257872
0.5497787143782138 1.0995574287564276 -0.011094534002580758
0.5497787143782138 1.2566370614359172 -0.01109188065510125
0.5497787143782138 1.413716694115407 -0.011088197953796453
0.5497787143782138 1.5707963267948966 -0.011083883409924056
0.5497787143782138 1.7278759594743862 -0.011079329775668612
0.5497787143782138 1.8849555921538759 -0.011074876625798424
0.5497787143782138 2.0420352248333655 -0.011070812892711501
0.5497787143782138 2.199114857512855 -0.011067401331303017
0.5497787143782138 2.356194490192345 -0.011064889476642747
0.5497787143782138 2.5132741228718345 -0.011063489435798601
0.5497787143782138 2.670353755551324 -0.011063335553558318
0.5497787143782138 2.827433388230814 -0.01106444704529963
0.5497787143782138 2.9845130209103035 -0.011066720307894684
0.5497787143782138 3.141592653589793 -0.011069956525005864
0.5497787143782138 3.2986722862692828 -0.011073907114820258
0.5497787143782138 3.4557519189487724 -0.011078307261499276
0.5497787143782138 3.612831551628262 -0.011082877410075298
0.5497787143782138 3.7699111843077517 -0.011087299541003404
0.5497787143782138 3.9269908169872414 -0.01109120098448102
0.5497787143782138 4.084070449666731 -0.011094182863558899
0.5497787143782138 4.241150082346221 -0.011095902876661512
0.5497787143782138 4.39822971502571 -0.01109618158614012
0.5497787143782138 4.5553093477052 -0.011095081587569666
0.5497787143782138 4.71238898038469 -0.01109292057489597
0.5497787143782138 4.869468613064179 -0.011090205747677828
0.5497787143782138 5.026548245743669 -0.011087502824153717
0.5497787143782138 5.183627878423159 -0.011085276652806897
0.5497787143782138 5.340707511102648 -0.011083762460032176
0.5497787143782138 5.497787143782138 -0.011082932977501514
0.5497787143782138 5.654866776461628 -0.01108259180028881
0.5497787143782138 5.811946409141117 -0.01108254852138657
0.5497787143782138 5.969026041820607 -0.011082768638488005
0.5497787143782138 6.126105674500097 -0.011083399569599806
0.5497787143782138 6.283185307179586 -0.0110846550095971
0.6283185307179586 0.0 -0.011100593717969787
0.6283185307179586 0.15707963267948966 -0.011102944119613767
0.6283185307179586 0.3141592653589793 -0.011106203291348038
0.6283185307179586 0.47123889803846897 -0.011109849905636793
0.6283185307179586 0.6283185307179586 -0.011113138183475257
0.6283185307179586 0.7853981633974483 -0.011115330448319583
0.6283185307179586 0.9424777960769379 -0.01111590598762291
0.6283185307179586 1.0995574287564276 -0.011114686445893085
0.6283185307179586 1.2566370614359172 -0.011111848687562542
0.6283185307179586 1.413716694115407 -0.011107827749299304
0.6283185307179586 1.5707963267948966 -0.011103154399449977
0.6283185307179586 1.7278759594743862 -0.011098307390909667
0.6283185307179586 1.8849555921538759 -0.011093649212227774
0.6283185307179586 2.0420352248333655 -0.01108945016534335
0.6283185307179586 2.199114857512855 -0.011085946357070497
0.6283185307179586 2.356194490192345 -0.011083371299065448
0.6283185307179586 2.5132741228718345 -0.011081936624435684
0.6283185307179586 2.670353755551324 -0.011081780865794144
0.6283185307179586 2.827433388230814 -0.011082925243556474
0.6283185307179586 2.9845130209103035 -0.011085263819978763
0.6283185307179586 3.141592653589793 -0.011088594428514398
0.6283185307179586 3.2986722862692828 -0.011092673913992712
0.6283185307179586 3.4557519189487724 -0.01109725817900653
0.6283185307179586 3.612831551628262 -0.01110209172796317
0.6283185307179586 3.7699111843077517 -0.011106852086783192
0.6283185307179586 3.9269908169872414 -0.011111102969124431
0.6283185307179586 4.084070449666731 -0.011114324039340318
0.6283185307179586 4.241150082346221 -0.011116037140766366
0.6283185307179586 4.39822971502571 -0.011115974358915537
0.6283185307179586 4.5553093477052 -0.01111420227579174
0.6283185307179586 4.71238898038469 -0.011111144108411963
0.6283185307179586 4.869468613064179 -0.011107486995200588
0.6283185307179586 5.026548245743669 -0.011103996454266962
0.6283185307179586 5.183627878423159 -0.011101286956375134
0.6283185307179586 5.340707511102648 -0.01109962836392242
0.6283185307179586 5.497787143782138 -0.011098890343276935
0.6283185307179586 5.654866776461628 -0.011098688458730521
0.6283185307179586 5.811946409141117 -0.011098673018778982
0.6283185307179586 5.969026041820607 -0.011098782293373688
0.6283185307179586 6.126105674500097 -0.011099286924974194
0.6283185307179586 6.283185307179586 -0.011100593717969787
0.7068583470577035 0.0 -0.011117359037967844
0.7068583470577035 0.15707963267948966 -0.011119950730659411
0.7068583470577035 0.3141592653589793 -0.011123827453133117
0.7068583470577035 0.47123889803846897 -0.011128343973325627
0.7068583470577035 0.6283185307179586 -0.011132549001814596
0.7068583470577035 0.7853981633974483 -0.011135495016759478
0.7068583470577035 0.9424777960769379 -0.011136513430415107
0.7068583470577035 1.0995574287564276 -0.011135384873597332
0.7068583470577035 1.2566370614359172 -0.011132361033418192
0.7068583470577035 1.413716694115407 -0.011128029737704992
0.7068583470577035 1.5707963267948966 -0.011123078867399272
0.7068583470577035 1.7278759594743862 -0.01111808033027728
0.7068583470577035 1.8849555921538759 -0.01111340626127344
0.7068583470577035 2.0420352248333655 -0.011109283775368795
0.7068583470577035 2.199114857512855 -0.011105895324106996
0.7068583470577035 2.356194490192345 -0.011103431290337085
0.7068583470577035 2.5132741228718345 -0.011102069978562668
0.7068583470577035 2.670353755551324 -0.011101926858316347
0.7068583470577035 2.827433388230814 -0.01110302090381765
0.7068583470577035 2.9845130209103035 -0.011105266069250774
0.7068583470577035 3.141592653589793 -0.011108489812102107
0.7068583470577035 3.2986722862692828 -0.01111248440804502
0.7068583470577035 3.4557519189487724 -0.01111705330944801
0.7068583470577035 3.612831551628262 -0.01112199103673106
0.7068583470577035 3.7699111843077517 -0.011126989205394011
0.7068583470577035 3.9269908169872414 -0.011131547683049803
0.7068583470577035 4.084070449666731 -0.011135004279907434
0.7068583470577035 4.241150082346221 -0.011136718217727548
0.7068583470577035 4.39822971502571 -0.011136316909301058
0.7068583470577035 4.5553093477052 -0.011133872071212636
0.7068583470577035 4.71238898038469 -0.011129925811815156
0.7068583470577035 4.869468613064179 -0.011125361139306733
0.7068583470577035 5.026548245743669 -0.011121155641347968
0.7068583470577035 5.183627878423159 -0.011118079518951163
0.7068583470577035 5.340707511102648 -0.01111643026757747
0.7068583470577035 5.497787143782138 -0.011115943021678731
0.7068583470577035 5.654866776461628 -0.01111599217401249
0.7068583470577035 5.811946409141117 -0.011116021791536923
0.7068583470577035 5.969026041820607 -0.011115934747806477
0.7068583470577035 6.126105674500097 -0.011116161906244315
0.7068583470577035 6.283185307179586 -0.011117359037967844
0.7853981633974483 0.0 -0.011134694414323576
0.7853981633974483 0.15707963267948966 -0.011137381693345105
0.7853981633974483 0.3141592653589793 -0.011141747992525097
0.7853981633974483 0.47123889803846897 -0.011147032371781052
0.7853981633974483 0.6283185307179586 -0.011152085663553635
0.7853981633974483 0.7853981633974483 -0.011155748325194281
0.7853981633974483 0.9424777960769379 -0.011157190620849633
0.7853981633974483 1.0995574287564276 -0.011156139294996592
0.7853981633974483 1.2566370614359172 -0.011152921500325874
0.7853981633974483 1.413716694115407 -0.011148294325522556
0.7853981633974483 1.5707963267948966 -0.011143122638202385
0.7853981633974483 1.7278759594743862 -0.011138079374319432
0.7853981633974483 1.8849555921538759 -0.011133537917658032
0.7853981633974483 2.0420352248333655 -0.011129666734206012
0.7853981633974483 2.199114857512855 -0.01112657805660433
0.7853981633974483 2.356194490192345 -0.011124394232041368
0.7853981633974483 2.5132741228718345 -0.011123219292358044
0.7853981633974483 2.670353755551324 -0.011123104821024299
0.7853981633974483 2.827433388230814 -0.0111240602636542
0.7853981633974483 2.9845130209103035 -0.011126053020632298
0.7853981633974483 3.141592653589793 -0.011128984835522715
0.7853981633974483 3.2986722862692828 -0.011132713539666383
0.7853981633974483 3.4557519189487724 -0.011137107848384176
0.7853981633974483 3.612831551628262 -0.011142028136816862
0.7853981633974483 3.7699111843077517 -0.011147192246482973
0.7853981633974483 3.9269908169872414 -0.011152033825993612
0.7853981633974483 4.084070449666731 -0.011155730688500398
0.7853981633974483 4.241150082346221 -0.011157459545927395
0.7853981633974483 4.39822971502571 -0.011156736811074097
0.7853981633974483 4.5553093477052 -0.011153649267413357
0.7853981633974483 4.71238898038469 -0.011148873234475332
0.7853981633974483 4.869468613064179 -0.011143494319469482
0.7853981633974483 5.026548245743669 -0.01113869645291743
0.7853981633974483 5.183627878423159 -0.01113539579080225
0.7853981633974483 5.340707511102648 -0.011133908390945635
0.7853981633974483 5.497787143782138 -0.011133815515108836
0.7853981633974483 5.654866776461628 -0.01113421319240615
0.7853981633974483 5.811946409141117 -0.011134302671166552
0.7853981633974483 5.969026041820607 -0.011133944781306582
0.7853981633974483 6.126105674500097 -0.01113376007802458
0.7853981633974483 6.283185307179586 -0.011134694414323576
0.8639379797371931 0.0 -0.011152282798093438
0.8639379797371931 0.15707963267948966 -0.011154923379507409
0.8639379797371931 0.3141592653589793 -0.011159623237915639
0.8639379797371931 0.47123889803846897 -0.011165528086792165
0.8639379797371931 0.6283185307179586 -0.011171319552374825
0.8639379797371931 0.7853981633974483 -0.011175637694293528
0.8639379797371931 0.9424777960769379 -0.011177479546546465
0.8639379797371931 1.0995574287564276 -0.011176497109147476
0.8639379797371931 1.2566370614359172 -0.011173082471685802
0.8639379797371931 1.413716694115407 -0.011168167651220529
0.8639379797371931 1.5707963267948966 -0.011162808538529134
0.8639379797371931 1.7278759594743862 -0.011157786419232707
0.8639379797371931 1.8849555921538759 -0.011153472803414388
0.8639379797371931 2.0420352248333655 -0.0111499727112232
0.8639379797371931 2.199114857512855 -0.011147325169218902
0.8639379797371931 2.356194490192345 -0.01114556835719327
0.8639379797371931 2.5132741228718345 -0.011144687250435936
0.8639379797371931 2.670353755551324 -0.011144617525644662
0.8639379797371931 2.827433388230814 -0.011145349014952899
0.8639379797371931 2.9845130209103035 -0.011146945663739416
0.8639379797371931 3.141592653589793 -0.01114943622118858
0.8639379797371931 3.2986722862692828 -0.01115276975622237
0.8639379797371931 3.4557519189487724 -0.01115688512578572
0.8639379797371931 3.612831551628262 -0.011161712125783652
0.8639379797371931 3.7699111843077517 -0.011166999666812671
0.8639379797371931 3.9269908169872414 -0.011172111276863461
0.8639379797371931 4.084070449666731 -0.011176051088057193
0.8639379797371931 4.241150082346221 -0.011177802859663188
0.8639379797371931 4.39822971502571 -0.011176777011968397
0.8639379797371931 4.5553093477052 -0.011173094690491325
0.8639379797371931 4.71238898038469 -0.011167583860611785
0.8639379797371931 4.869468613064179 -0.011161529825471916
0.8639379797371931 5.026548245743669 -0.011156297812647153
0.8639379797371931 5.183627878423159 -0.011152922339846327
0.8639379797371931 5.340707511102648 -0.011151726608517265
0.8639379797371931 5.497787143782138 -0.011152134621568166
0.8639379797371931 5.654866776461628 -0.011152949529105172
0.8639379797371931 5.811946409141117 -0.011153109113536175
0.8639379797371931 5.969026041820607 -0.011152427983716962
0.8639379797371931 6.126105674500097 -0.011151734081295217
0.8639379797371931 6.283185307179586 -0.011152282798093438
0.9424777960769379 0.0 -0.011169746559403393
0.9424777960769379 0.15707963267948966 -0.01117221807234614
0.9424777960769379 0.3141592653589793 -0.01117708483505453
0.9424777960769379 0.47123889803846897 -0.011183434534359549
0.9424777960769379 0.6283185307179586 -0.01118982715280481
0.9424777960769379 0.7853981633974483 -0.011194726699159219
0.9424777960769379 0.9424777960769379 -0.011196946857182866
0.9424777960769379 1.0995574287564276 -0.011196037737562392
0.9424777960769379 1.2566370614359172 -0.01119243541310766
0.9424777960769379 1.413716694115407 -0.011187241984089269
0.9424777960769379 1.5707963267948966 -0.011181710481452
0.9424777960769379 1.7278759594743862 -0.011176736790332598
0.9424777960769379 1.8849555921538759 -0.011172692162830344
0.9424777960769379 2.0420352248333655 -0.011169622902656329
0.9424777960769379 2.199114857512855 -0.01116750468366945
0.9424777960769379 2.356194490192345 -0.011166286197550335
0.9424777960769379 2.5132741228718345 -0.011165790343170556
0.9424777960769379 2.670353755551324 -0.01116577986192624
0.9424777960769379 2.827433388230814 -0.01116621325769529
0.9424777960769379 2.9845130209103035 -0.011167298583814045
0.9424777960769379 3.141592653589793 -0.011169246048467585
0.9424777960769379 3.2986722862692828 -0.01117211389268391
0.9424777960769379 3.4557519189487724 -0.011175903131572795
0.9424777960769379 3.612831551628262 -0.011180605392837606
0.9424777960769379 3.7699111843077517 -0.011185998853761703
0.9424777960769379 3.9269908169872414 -0.011191372155195722
0.9424777960769379 4.084070449666731 -0.011195547895340496
0.9424777960769379 4.241150082346221 -0.011197316868390317
0.9424777960769379 4.39822971502571 -0.011195999385392952
0.9424777960769379 4.5553093477052 -0.011191777964313587
0.9424777960769379 4.71238898038469 -0.011185650424266669
0.9424777960769379 4.869468613064179 -0.011179089555497512
0.9424777960769379 5.026548245743669 -0.011173599562170011
0.9424777960769379 5.183627878423159 -0.011170289752385543
0.9424777960769379 5.340707511102648 -0.011169477225678293
0.9424777960769379 5.497787143782138 -0.01117044225435393
0.9424777960769379 5.654866776461628 -0.011171705771346296
0.9424777960769379 5.811946409141117 -0.011171939914447648
0.9424777960769379 5.969026041820607 -0.011170911845425735
0.9424777960769379 6.126105674500097 -0.011169660773305168
0.9424777960769379 6.283185307179586 -0.011169746559431815
1.0210176124166828 0.0 -0.011186660101998314
1.0210176124166828 0.15707963267948966 -0.011188871934763256
1.0210176124166828 0.3141592653589793 -0.011193745800483157
1.0210176124166828 0.47123889803846897 -0.011200355377667393
1.0210176124166828 0.6283185307179586 -0.011207199770467469
1.0210176124166828 0.7853981633974483 -0.011212601517968324
1.0210176124166828 0.9424777960769379 -0.011215184857604754
1.0210176124166828 1.0995574287564276 -0.011214367939174963
1.0210176124166828 1.2566370614359172 -0.011210601987841073
1.0210176124166828 1.413716694115407 -0.011205143913429083
1.0210176124166828 1.5707963267948966 -0.011199442478812216
1.0210176124166828 1.7278759594743862 -0.01119451305382313
1.0210176124166828 1.8849555921538759 -0.01119073238709234
1.0210176124166828 2.0420352248333655 -0.011188099703502985
1.0210176124166828 2.199114857512855 -0.011186546040619305
1.0210176124166828 2.356194490192345 -0.011185934847532053
1.0210176124166828 2.5132741228718345 -0.011185891049279917
1.0210176124166828 2.670353755551324 -0.011185951054187626
1.0210176124166828 2.827433388230814 -0.01118603058739609
1.0210176124166828 2.9845130209103035 -0.011186526503962568
1.0210176124166828 3.141592653589793 -0.011187879234967113
1.0210176124166828 3.2986722862692828 -0.0111902654736582
1.0210176124166828 3.4557519189487724 -0.011193731074115476
1.0210176124166828 3.612831551628262 -0.01119831404119509
1.0210176124166828 3.7699111843077517 -0.011203814511702603
1.0210176124166828 3.9269908169872414 -0.011209440805998838
1.0210176124166828 4.084070449666731 -0.011213832226019349
1.0210176124166828 4.241150082346221 -0.011215596862058419
1.0210176124166828 4.39822971502571 -0.011213990005018104
1.0210176124166828 4.5553093477052 -0.011209286942261087
1.0210176124166828 4.71238898038469 -0.011202671517111185
1.0210176124166828 4.869468613064179 -0.011195783288258099
1.0210176124166828 5.026548245743669 -0.01119021071801285
1.0210176124166828 5.183627878423159 -0.01118708368792909
1.0210176124166828 5.340707511102648 -0.011186699611755557
1.0210176124166828 5.497787143782138 -0.011188223569860156
1.0210176124166828 5.654866776461628 -0.011189928113935821
1.0210176124166828 5.811946409141117 -0.011190235305775786
1.0210176124166828 5.969026041820607 -0.011188866539924902
1.0210176124166828 6.126105674500097 -0.011187062733711173
1.0210176124166828 6.283185307179586 -0.011186660101998314
1.0995574287564276 0.0 -0.011202571752477297
1.0995574287564276 0.15707963267948966 -0.011204471240773728
1.0995574287564276 0.3141592653589793 -0.011209214444477311
1.0995574287564276 0.47123889803846897 -0.01121590749966117
1.0995574287564276 0.6283185307179586 -0.011223054733051185
1.0995574287564276 0.7853981633974483 -0.011228878920519492
1.0995574287564276 0.9424777960769379 -0.011231814724823153
1.0995574287564276 1.0995574287564276 -0.011231120449082255
1.0995574287564276 1.2566370614359172 -0.011227228472819206
1.0995574287564276 1.413716694115407 -0.011221526239438617
1.0995574287564276 1.5707963267948966 -0.011215649683606443
1.0995574287564276 1.7278759594743862 -0.011210737532110215
1.0995574287564276 1.8849555921538759 -0.011207181744708805
1.0995574287564276 2.0420352248333655 -0.011204950381539902
1.0995574287564276 2.199114857512855 -0.011203951931037182
1.0995574287564276 2.356194490192345 -0.011203974441286846
1.0995574287564276 2.5132741228718345 -0.011204419784121455
1.0995574287564276 2.670353755551324 -0.011204557015588534
1.0995574287564276 2.827433388230814 -0.011204249974838376
1.0995574287564276 2.9845130209103035 -0.0112041185407179
1.0995574287564276 3.141592653589793 -0.011204869885091284
1.0995574287564276 3.2986722862692828 -0.011206801414601841
1.0995574287564276 3.4557519189487724 -0.011209982822435904
1.0995574287564276 3.612831551628262 -0.011214478974267195
1.0995574287564276 3.7699111843077517 -0.011220099953959561
1.0995574287564276 3.9269908169872414 -0.011225967409501436
1.0995574287564276 4.084070449666731 -0.011230541323243415
1.0995574287564276 4.241150082346221 -0.011232266696367788
1.0995574287564276 4.39822971502571 -0.011230365702061818
1.0995574287564276 4.5553093477052 -0.011225238175455843
1.0995574287564276 4.71238898038469 -0.011218264461518856
1.0995574287564276 4.869468613064179 -0.011211222682305788
1.0995574287564276 5.026548245743669 -0.011205725128036192
1.0995574287564276 5.183627878423159 -0.011202864920335287
1.0995574287564276 5.340707511102648 -0.01120290792644596
1.0995574287564276 5.497787143782138 -0.011204943348388952
1.0995574287564276 5.654866776461628 -0.011207046783283658
1.0995574287564276 5.811946409141117 -0.011207420287320247
1.0995574287564276 5.969026041820607 -0.01120574363719129
1.0995574287564276 6.126105674500097 -0.011203438682599653
1.0995574287564276 6.283185307179586 -0.011202571752448875
1.1780972450961724 0.0 -0.011217030071435374
1.1780972450961724 0.15707963267948966 -0.011218602952965284
1.1780972450961724 0.3141592653589793 -0.011223110641026324
1.1780972450961724 0.47123889803846897 -0.011229734015103077
1.1780972450961724 0.6283185307179586 -0.01123704571102735
1.1780972450961724 0.7853981633974483 -0.011243213671320973
1.1780972450961724 0.9424777960769379 -0.011246491717059826
1.1780972450961724 1.0995574287564276 -0.011245956513562305
1.1780972450961724 1.2566370614359172 -0.011241985920946718
1.1780972450961724 1.413716694115407 -0.011236066294998182
1.1780972450961724 1.5707963267948966 -0.011230005536475574
1.1780972450961724 1.7278759594743862 -0.011225068732443333
1.1780972450961724 1.8849555921538759 -0.011221676925657675
1.1780972450961724 2.0420352248333655 -0.011219785578106212
1.1780972450961724 2.199114857512855 -0.011219301035026774
1.1780972450961724 2.356194490192345 -0.011219946230966116
1.1780972450961724 2.5132741228718345 -0.011220887105366728
1.1780972450961724 2.670353755551324 -0.011221103224613671
1.1780972450961724 2.827433388230814 -0.011220401444745676
1.1780972450961724 2.9845130209103035 -0.011219642632141813
1.1780972450961724 3.141592653589793 -0.011219820812073067
1.1780972450961724 3.2986722862692828 -0.01122135264600388
1.1780972450961724 3.4557519189487724 -0.01122431278173508
1.1780972450961724 3.612831551628262 -0.011228772266775877
1.1780972450961724 3.7699111843077517 -0.011234534589732448
1.1780972450961724 3.9269908169872414 -0.011240627212629306
1.1780972450961724 4.084070449666731 -0.011245340200332521
1.1780972450961724 4.241150082346221 -0.011246983193501592
1.1780972450961724 4.39822971502571 -0.011244781610542987
1.1780972450961724 4.5553093477052 -0.011239286903588663
1.1780972450961724 4.71238898038469 -0.011232077477473013
1.1780972450961724 4.869468613064179 -0.011225036508790254
1.1780972450961724 5.026548245743669 -0.011219740681440271
1.1780972450961724 5.183627878423159 -0.01121719383877462
1.1780972450961724 5.340707511102648 -0.011217622035985642
1.1780972450961724 5.497787143782138 -0.011220082974432444
1.1780972450961724 5.654866776461628 -0.011222516887244183
1.1780972450961724 5.811946409141117 -0.011222946029022296
1.1780972450961724 5.969026041820607 -0.011221014575397703
1.1780972450961724 6.126105674500097 -0.011218296352808466
1.1780972450961724 6.283185307179586 -0.011217030071435374
1.2566370614359172 0.0 -0.011229609815018193
1.2566370614359172 0.15707963267948966 -0.011230875819620678
1.2566370614359172 0.3141592653589793 -0.01123508152269892
1.2566370614359172 0.47123889803846897 -0.011241515227652599
1.2566370614359172 0.6283185307179586 -0.011248870682209144
1.2566370614359172 0.7853981633974483 -0.011255305573257601
1.2566370614359172 0.9424777960769379 -0.011258911415495731
1.2566370614359172 1.0995574287564276 -0.011258571485569746
1.2566370614359172 1.2566370614359172 -0.011254575107813025
1.2566370614359172 1.413716694115407 -0.011248470408588673
1.2566370614359172 1.5707963267948966 -0.0112422154996068
1.2566370614359172 1.7278759594743862 -0.011237203506539117
1.2566370614359172 1.8849555921538759 -0.011233902760807268
1.2566370614359172 2.0420352248333655 -0.01123227694625939
1.2566370614359172 2.199114857512855 -0.011232245764318805
1.2566370614359172 2.356194490192345 -0.011233473261853533
1.2566370614359172 2.5132741228718345 -0.01123488807462536
1.2566370614359172 2.670353755551324 -0.011235179820658914
1.2566370614359172 2.827433388230814 -0.011234098103784618
1.2566370614359172 2.9845130209103035 -0.011232743907157783
1.2566370614359172 3.141592653589793 -0.011232400642256835
1.2566370614359172 3.2986722862692828 -0.011233602571991241
1.2566370614359172 3.4557519189487724 -0.011236416744594635
1.2566370614359172 3.612831551628262 -0.011240899910148983
1.2566370614359172 3.7699111843077517 -0.011246827702905193
1.2566370614359172 3.9269908169872414 -0.01125312492752073
1.2566370614359172 4.084070449666731 -0.011257926803409646
1.2566370614359172 4.241150082346221 -0.011259442091954952
1.2566370614359172 4.39822971502571 -0.01125693671590966
1.2566370614359172 4.5553093477052 -0.011251133550558734
1.2566370614359172 4.71238898038469 -0.011243799331992932
1.2566370614359172 4.869468613064179 -0.011236884534298497
1.2566370614359172 5.026548245743669 -0.01123187858803476
1.2566370614359172 5.183627878423159 -0.011229654976943948
1.2566370614359172 5.340707511102648 -0.011230396200630821
1.2566370614359172 5.497787143782138 -0.011233171777519146
1.2566370614359172 5.654866776461628 -0.011235850984519402
1.2566370614359172 5.811946409141117 -0.011236322572415247
1.2566370614359172 5.969026041820607 -0.011234202465487897
1.2566370614359172 6.126105674500097 -0.011231182104040727
1.2566370614359172 6.283185307179586 -0.011229609815018193
1.335176877775662 0.0 -0.0112399339399758
1.335176877775662 0.15707963267948966 -0.011240939158824403
1.335176877775662 0.3141592653589793 -0.011244814907058753
1.335176877775662 0.47123889803846897 -0.011250976844110028
1.335176877775662 0.6283185307179586 -0.011258277261788407
1.335176877775662 0.7853981633974483 -0.011264904452332303
1.335176877775662 0.9424777960769379 -0.01126881597693341
1.335176877775662 1.0995574287564276 -0.011268702056213442
1.335176877775662 1.2566370614359172 -0.011264734394188736
1.335176877775662 1.413716694115407 -0.011258482207352927
1.335176877775662 1.5707963267948966 -0.011252025175934932
1.335176877775662 1.7278759594743862 -0.01124688375332994
1.335176877775662 1.8849555921538759 -0.011243595750727309
1.335176877775662 2.0420352248333655 -0.011242156481984011
1.335176877775662 2.199114857512855 -0.011242508648393823
1.335176877775662 2.356194490192345 -0.011244257096848287
1.335176877775662 2.5132741228718345 -0.011246101387513363
1.335176877775662 2.670353755551324 -0.011246461321690049
1.335176877775662 2.827433388230814 -0.011245033662788728
1.335176877775662 2.9845130209103035 -0.011243140699264131
1.335176877775662 3.141592653589793 -0.011242341621539254
1.335176877775662 3.2986722862692828 -0.011243288825113495
1.335176877775662 3.4557519189487724 -0.011246037267738984
1.335176877775662 3.612831551628262 -0.011250609164335401
1.335176877775662 3.7699111843077517 -0.011256726356350555
1.335176877775662 3.9269908169872414 -0.011263202519103288
1.335176877775662 4.084070449666731 -0.011268039236028926
1.335176877775662 4.241150082346221 -0.011269384464611676
1.335176877775662 4.39822971502571 -0.011266580086044087
1.335176877775662 4.5553093477052 -0.011260529400686892
1.335176877775662 4.71238898038469 -0.011253166090824607
1.335176877775662 4.869468613064179 -0.011246468850799829
1.335176877775662 5.026548245743669 -0.01124180035782274
1.335176877775662 5.183627878423159 -0.011239878210773213
1.335176877775662 5.340707511102648 -0.011240841771524401
1.335176877775662 5.497787143782138 -0.011243809191000764
1.335176877775662 5.654866776461628 -0.011246640234901406
1.335176877775662 5.811946409141117 -0.011247139774241077
1.335176877775662 5.969026041820607 -0.011244903841202358
1.335176877775662 6.126105674500097 -0.011241703538047432
1.335176877775662 6.283185307179586 -0.0112399339399758
1.413716694115407 0.0 -0.011247689718715037
1.413716694115407 0.15707963267948966 -0.011248497768406196
1.413716694115407 0.3141592653589793 -0.011252049916890883
1.413716694115407 0.47123889803846897 -0.011257895824087427
1.413716694115407 0.6283185307179586 -0.011265066013152136
1.413716694115407 0.7853981633974483 -0.01127181400809718
1.413716694115407 0.9424777960769379 -0.011275999711614304
1.413716694115407 1.0995574287564276 -0.011276133692604162
1.413716694115407 1.2566370614359172 -0.011272248460215906
1.413716694115407 1.413716694115407 -0.01126589177704318
1.413716694115407 1.5707963267948966 -0.011259229560607764
1.413716694115407 1.7278759594743862 -0.01125390494956946
1.413716694115407 1.8849555921538759 -0.011250550118518277
1.413716694115407 2.0420352248333655 -0.011249218242369352
1.413716694115407 2.199114857512855 -0.011249879757485814
1.413716694115407 2.356194490192345 -0.011252073600701351
1.413716694115407 2.5132741228718345 -0.011254285961399546
1.413716694115407 2.670353755551324 -0.011254703521785814
1.413716694115407 2.827433388230814 -0.011252978374898248
1.413716694115407 2.9845130209103035 -0.011250620959287971
1.413716694115407 3.141592653589793 -0.011249439533315808
1.413716694115407 3.2986722862692828 -0.011250207768171094
1.413716694115407 3.4557519189487724 -0.011252971355531827
1.413716694115407 3.612831551628262 -0.011257697456841242
1.413716694115407 3.7699111843077517 -0.011264024388339067
1.413716694115407 3.9269908169872414 -0.011270647907707598
1.413716694115407 4.084070449666731 -0.011275463445741707
1.413716694115407 4.241150082346221 -0.011276602754264786
1.413716694115407 4.39822971502571 -0.011273514428580711
1.413716694115407 4.5553093477052 -0.011267279396577123
1.413716694115407 4.71238898038469 -0.011259965611401412
1.413716694115407 4.869468613064179 -0.011253542575872189
1.413716694115407 5.026548245743669 -0.01124922133035966
1.413716694115407 5.183627878423159 -0.011247554774769242
1.413716694115407 5.340707511102648 -0.011248642280150989
1.413716694115407 5.497787143782138 -0.011251677106201896
1.413716694115407 5.654866776461628 -0.011254564462518601
1.413716694115407 5.811946409141117 -0.011255076990920543
1.413716694115407 5.969026041820607 -0.011252800098276339
1.413716694115407 6.126105674500097 -0.011249543762261283
1.413716694115407 6.283185307179586 -0.011247689718715037
1.4922565104551517 0.0 -0.011252638636278789
1.4922565104551517 0.15707963267948966 -0.011253322519110043
1.4922565104551517 0.3141592653589793 -0.011256584968464267
1.4922565104551517 0.47123889803846897 -0.011262104680952234
1.4922565104551517 0.6283185307179586 -0.011269092676627679
1.4922565104551517 0.7853981633974483 -0.011275894340315062
1.4922565104551517 0.9424777960769379 -0.011280313675854359
1.4922565104551517 1.0995574287564276 -0.011280707140571167
1.4922565104551517 1.2566370614359172 -0.01127695573921983
1.4922565104551517 1.413716694115407 -0.011270543218444118
1.4922565104551517 1.5707963267948966 -0.011263680672357168
1.4922565104551517 1.7278759594743862 -0.011258123842907253
1.4922565104551517 1.8849555921538759 -0.011254624439686722
1.4922565104551517 2.0420352248333655 -0.011253321898493596
1.4922565104551517 2.199114857512855 -0.011254216235926151
1.4922565104551517 2.356194490192345 -0.011256769875387818
1.4922565104551517 2.5132741228718345 -0.01125927727787257
1.4922565104551517 2.670353755551324 -0.011259739848810568
1.4922565104551517 2.827433388230814 -0.011257775610829412
1.4922565104551517 2.9845130209103035 -0.011255040595870014
1.4922565104551517 3.141592653589793 -0.011253555771673973
1.4922565104551517 3.2986722862692828 -0.011254220225481504
1.4922565104551517 3.4557519189487724 -0.011257077957537831
1.4922565104551517 3.612831551628262 -0.01126202005389132
1.4922565104551517 3.7699111843077517 -0.01126856992601688
1.4922565104551517 3.9269908169872414 -0.011275301950490757
1.4922565104551517 4.084070449666731 -0.011280040013559756
1.4922565104551517 4.241150082346221 -0.011280945900551842
1.4922565104551517 4.39822971502571 -0.011277599229458701
1.4922565104551517 4.5553093477052 -0.011271243529165531
1.4922565104551517 4.71238898038469 -0.011264040760977423
1.4922565104551517 4.869468613064179 -0.011257916419879166
1.4922565104551517 5.026548245743669 -0.011253920539928686
1.4922565104551517 5.183627878423159 -0.011252447676469046
1.4922565104551517 5.340707511102648 -0.011253561217415609
1.4922565104551517 5.497787143782138 -0.011256543995955326
1.4922565104551517 5.654866776461628 -0.011259393765982395
1.4922565104551517 5.811946409141117 -0.011259904308616342
1.4922565104551517 5.969026041820607 -0.011257660601216912
1.4922565104551517 6.126105674500097 -0.01125446797107088
1.4922565104551517 6.283185307179586 -0.011252638636278789
1.5707963267948966 0.0 -0.011254620880549737
1.5707963267948966 0.15707963267948966 -0.011255256915717382
1.5707963267948966 0.3141592653589793 -0.01125828353249858
1.5707963267948966 0.47123889803846897 -0.01126349494313672
1.5707963267948966 0.6283185307179586 -0.011270270069218213
1.5707963267948966 0.7853981633974483 -0.011277064061829378
1.5707963267948966 0.9424777960769379 -0.011281669167175323
1.5707963267948966 1.0995574287564276 -0.011282323263117178
1.5707963267948966 1.2566370614359172 -0.011278753133211694
1.5707963267948966 1.413716694115407 -0.01127233934860783
1.5707963267948966 1.5707963267948966 -0.011265292150255846
1.5707963267948966 1.7278759594743862 -0.011259463666476677
1.5707963267948966 1.8849555921538759 -0.011255747224879542
1.5707963267948966 2.0420352248333655 -0.01125439710276055
1.5707963267948966 2.199114857512855 -0.011255444019639071
1.5707963267948966 2.356194490192345 -0.0112582634520777
1.5707963267948966 2.5132741228718345 -0.011260985137823809
1.5707963267948966 2.670353755551324 -0.011261478913240808
1.5707963267948966 2.827433388230814 -0.011259340419712771
1.5707963267948966 2.9845130209103035 -0.01125632421420164
1.5707963267948966 3.141592653589793 -0.011254620880521315
1.5707963267948966 3.2986722862692828 -0.011255256915717382
1.5707963267948966 3.4557519189487724 -0.011258283532527003
1.5707963267948966 3.612831551628262 -0.011263494943165142
1.5707963267948966 3.7699111843077517 -0.011270270069218213
1.5707963267948966 3.9269908169872414 -0.011277064061829378
1.5707963267948966 4.084070449666731 -0.011281669167146902
1.5707963267948966 4.241150082346221 -0.011282323263117178
1.5707963267948966 4.39822971502571 -0.011278753133240116
1.5707963267948966 4.5553093477052 -0.01127233934860783
1.5707963267948966 4.71238898038469 -0.011265292150199002
1.5707963267948966 4.869468613064179 -0.011259463666419833
1.5707963267948966 5.026548245743669 -0.011255747224907964
1.5707963267948966 5.183627878423159 -0.01125439710276055
1.5707963267948966 5.340707511102648 -0.01125544401961065
1.5707963267948966 5.497787143782138 -0.0112582634520777
1.5707963267948966 5.654866776461628 -0.01126098513785223
1.5707963267948966 5.811946409141117 -0.011261478913297651
1.5707963267948966 5.969026041820607 -0.011259340419655928
1.5707963267948966 6.126105674500097 -0.011256324214173219
1.5707963267948966 6.283185307179586 -0.011254620880549737
1.6493361431346414 0.0 -0.011253555771730817
1.6493361431346414 0.15707963267948966 -0.011254220225481504
1.6493361431346414 0.3141592653589793 -0.011257077957566253
1.6493361431346414 0.47123889803846897 -0.011262020053919741
1.6493361431346414 0.6283185307179586 -0.01126856992601688
1.6493361431346414 0.7853981633974483 -0.011275301950490757
1.6493361431346414 0.9424777960769379 -0.011280040013559756
1.6493361431346414 1.0995574287564276 -0.01128094590052342
1.6493361431346414 1.2566370614359172 -0.011277599229401858
1.6493361431346414 1.413716694115407 -0.011271243529222374
1.6493361431346414 1.5707963267948966 -0.011264040761034266
1.6493361431346414 1.7278759594743862 -0.011257916419850744
1.6493361431346414 1.8849555921538759 -0.011253920539928686
1.6493361431346414 2.0420352248333655 -0.011252447676469046
1.6493361431346414 2.199114857512855 -0.01125356121744403
1.6493361431346414 2.356194490192345 -0.01125654399601217
1.6493361431346414 2.5132741228718345 -0.011259393766010817
1.6493361431346414 2.670353755551324 -0.011259904308644764
1.6493361431346414 2.827433388230814 -0.011257660601273756
1.6493361431346414 2.9845130209103035 -0.011254467971099302
1.6493361431346414 3.141592653589793 -0.011252638636250367
1.6493361431346414 3.2986722862692828 -0.011253322519110043
1.6493361431346414 3.4557519189487724 -0.011256584968435845
1.6493361431346414 3.612831551628262 -0.011262104680952234
1.6493361431346414 3.7699111843077517 -0.011269092676627679
1.6493361431346414 3.9269908169872414 -0.011275894340343484
1.6493361431346414 4.084070449666731 -0.011280313675825937
1.6493361431346414 4.241150082346221 -0.011280707140599588
1.6493361431346414 4.39822971502571 -0.01127695573921983
1.6493361431346414 4.5553093477052 -0.011270543218444118
1.6493361431346414 4.71238898038469 -0.011263680672328746
1.6493361431346414 4.869468613064179 -0.011258123842907253
1.6493361431346414 5.026548245743669 -0.011254624439629879
1.6493361431346414 5.183627878423159 -0.011253321898436752
1.6493361431346414 5.340707511102648 -0.011254216235926151
1.6493361431346414 5.497787143782138 -0.011256769875387818
1.6493361431346414 5.654866776461628 -0.011259277277815727
1.6493361431346414 5.811946409141117 -0.011259739848696881
1.6493361431346414 5.969026041820607 -0.011257775610886256
1.6493361431346414 6.126105674500097 -0.011255040595870014
1.6493361431346414 6.283185307179586 -0.011253555771730817
1.7278759594743862 0.0 -0.011249439533315808
1.7278759594743862 0.15707963267948966 -0.011250207768199516
1.7278759594743862 0.3141592653589793 -0.011252971355531827
1.7278759594743862 0.47123889803846897 -0.011257697456898086
1.7278759594743862 0.6283185307179586 -0.011264024388452754
1.7278759594743862 0.7853981633974483 -0.011270647907679177
1.7278759594743862 0.9424777960769379 -0.011275463445770129
1.7278759594743862 1.0995574287564276 -0.011276602754236364
1.7278759594743862 1.2566370614359172 -0.011273514428580711
1.7278759594743862 1.413716694115407 -0.011267279396577123
1.7278759594743862 1.5707963267948966 -0.011259965611401412
1.7278759594743862 1.7278759594743862 -0.011253542575872189
1.7278759594743862 1.8849555921538759 -0.01124922133035966
1.7278759594743862 2.0420352248333655 -0.011247554774797663
1.7278759594743862 2.199114857512855 -0.01124864228017941
1.7278759594743862 2.356194490192345 -0.011251677106201896
1.7278759594743862 2.5132741228718345 -0.011254564462461758
1.7278759594743862 2.670353755551324 -0.011255076990977386
1.7278759594743862 2.827433388230814 -0.011252800098276339
1.7278759594743862 2.9845130209103035 -0.011249543762289704
1.7278759594743862 3.141592653589793 -0.011247689718686615
1.7278759594743862 3.2986722862692828 -0.011248497768406196
1.7278759594743862 3.4557519189487724 -0.011252049916890883
1.7278759594743862 3.612831551628262 -0.011257895824087427
1.7278759594743862 3.7699111843077517 -0.011265066013095293
1.7278759594743862 3.9269908169872414 -0.011271814008125602
1.7278759594743862 4.084070449666731 -0.011275999711614304
1.7278759594743862 4.241150082346221 -0.011276133692604162
1.7278759594743862 4.39822971502571 -0.011272248460244327
1.7278759594743862 4.5553093477052 -0.01126589177704318
1.7278759594743862 4.71238898038469 -0.011259229560579342
1.7278759594743862 4.869468613064179 -0.011253904949541038
1.7278759594743862 5.026548245743669 -0.011250550118461433
1.7278759594743862 5.183627878423159 -0.011249218242369352
1.7278759594743862 5.340707511102648 -0.011249879757457393
1.7278759594743862 5.497787143782138 -0.011252073600701351
1.7278759594743862 5.654866776461628 -0.011254285961399546
1.7278759594743862 5.811946409141117 -0.011254703521785814
1.7278759594743862 5.969026041820607 -0.011252978374869826
1.7278759594743862 6.126105674500097 -0.01125062095925955
1.7278759594743862 6.283185307179586 -0.01124943953334423
1.806415775814131 0.0 -0.011242341621567675
1.806415775814131 0.15707963267948966 -0.011243288825113495
1.806415775814131 0.3141592653589793 -0.011246037267710562
1.806415775814131 0.47123889803846897 -0.011250609164392245
1.806415775814131 0.6283185307179586 -0.011256726356407398
1.806415775814131 0.7853981633974483 -0.011263202519074866
1.806415775814131 0.9424777960769379 -0.011268039236028926
1.806415775814131 1.0995574287564276 -0.011269384464640098
1.806415775814131 1.2566370614359172 -0.011266580086072508
1.806415775814131 1.413716694115407 -0.011260529400686892
1.806415775814131 1.5707963267948966 -0.011253166090824607
1.806415775814131 1.7278759594743862 -0.01124646885082825
1.806415775814131 1.8849555921538759 -0.011241800357851162
1.806415775814131 2.0420352248333655 -0.011239878210773213
1.806415775814131 2.199114857512855 -0.011240841771552823
1.806415775814131 2.356194490192345 -0.011243809191000764
1.806415775814131 2.5132741228718345 -0.011246640234844563
1.806415775814131 2.670353755551324 -0.011247139774241077
1.806415775814131 2.827433388230814 -0.011244903841202358
1.806415775814131 2.9845130209103035 -0.011241703538047432
1.806415775814131 3.141592653589793 -0.011239933940032643
1.806415775814131 3.2986722862692828 -0.011240939158824403
1.806415775814131 3.4557519189487724 -0.011244814907058753
1.806415775814131 3.612831551628262 -0.011250976844110028
1.806415775814131 3.7699111843077517 -0.01125827726181683
1.806415775814131 3.9269908169872414 -0.011264904452332303
1.806415775814131 4.084070449666731 -0.011268815976961832
1.806415775814131 4.241150082346221 -0.011268702056213442
1.806415775814131 4.39822971502571 -0.011264734394217157
1.806415775814131 4.5553093477052 -0.011258482207324505
1.806415775814131 4.71238898038469 -0.011252025175934932
1.806415775814131 4.869468613064179 -0.011246883753301518
1.806415775814131 5.026548245743669 -0.011243595750698887
1.806415775814131 5.183627878423159 -0.01124215648195559
1.806415775814131 5.340707511102648 -0.011242508648365401
1.806415775814131 5.497787143782138 -0.011244257096848287
1.806415775814131 5.654866776461628 -0.011246101387484941
1.806415775814131 5.811946409141117 -0.011246461321690049
1.806415775814131 5.969026041820607 -0.011245033662760306
1.806415775814131 6.126105674500097 -0.011243140699264131
1.806415775814131 6.283185307179586 -0.011242341621567675
1.8849555921538759 0.0 -0.011232400642313678
1.8849555921538759 0.15707963267948966 -0.011233602571991241
1.8849555921538759 0.3141592653589793 -0.011236416744594635
1.8849555921538759 0.47123889803846897 -0.011240899910148983
1.8849555921538759 0.6283185307179586 -0.01124682770284835
1.8849555921538759 0.7853981633974483 -0.01125312492752073
1.8849555921538759 0.9424777960769379 -0.011257926803409646
1.8849555921538759 1.0995574287564276 -0.011259442091983374
1.8849555921538759 1.2566370614359172 -0.011256936715881238
1.8849555921538759 1.413716694115407 -0.011251133550558734
1.8849555921538759 1.5707963267948966 -0.01124379933196451
1.8849555921538759 1.7278759594743862 -0.011236884534298497
1.8849555921538759 1.8849555921538759 -0.01123187858803476
1.8849555921538759 2.0420352248333655 -0.011229654977000791
1.8849555921538759 2.199114857512855 -0.011230396200687665
1.8849555921538759 2.356194490192345 -0.011233171777519146
1.8849555921538759 2.5132741228718345 -0.011235850984519402
1.8849555921538759 2.670353755551324 -0.011236322572443669
1.8849555921538759 2.827433388230814 -0.011234202465459475
1.8849555921538759 2.9845130209103035 -0.011231182104040727
1.8849555921538759 3.141592653589793 -0.011229609815018193
1.8849555921538759 3.2986722862692828 -0.0112308758196491
1.8849555921538759 3.4557519189487724 -0.011235081522642076
1.8849555921538759 3.612831551628262 -0.011241515227567334
1.8849555921538759 3.7699111843077517 -0.011248870682152301
1.8849555921538759 3.9269908169872414 -0.01125530557322918
1.8849555921538759 4.084070449666731 -0.011258911415552575
1.8849555921538759 4.241150082346221 -0.011258571485541324
1.8849555921538759 4.39822971502571 -0.011254575107841447
1.8849555921538759 4.5553093477052 -0.011248470408560252
1.8849555921538759 4.71238898038469 -0.011242215499635222
1.8849555921538759 4.869468613064179 -0.011237203506510696
1.8849555921538759 5.026548245743669 -0.011233902760807268
1.8849555921538759 5.183627878423159 -0.011232276946230968
1.8849555921538759 5.340707511102648 -0.011232245764318805
1.8849555921538759 5.497787143782138 -0.011233473261825111
1.8849555921538759 5.654866776461628 -0.01123488807462536
1.8849555921538759 5.811946409141117 -0.011235179820658914
1.8849555921538759 5.969026041820607 -0.011234098103756196
1.8849555921538759 6.126105674500097 -0.011232743907129361
1.8849555921538759 6.283185307179586 -0.011232400642313678
1.9634954084936207 0.0 -0.011219820812073067
1.9634954084936207 0.15707963267948966 -0.01122135264600388
1.9634954084936207 0.3141592653589793 -0.011224312781706658
1.9634954084936207 0.47123889803846897 -0.011228772266747455
1.9634954084936207 0.6283185307179586 -0.011234534589732448
1.9634954084936207 0.7853981633974483 -0.011240627212629306
1.9634954084936207 0.9424777960769379 -0.011245340200389364
1.9634954084936207 1.0995574287564276 -0.011246983193558435
1.9634954084936207 1.2566370614359172 -0.011244781610571408
1.9634954084936207 1.413716694115407 -0.011239286903588663
1.9634954084936207 1.5707963267948966 -0.011232077477501434
1.9634954084936207 1.7278759594743862 -0.01122503650873341
1.9634954084936207 1.8849555921538759 -0.011219740681468693
1.9634954084936207 2.0420352248333655 -0.011217193838803041
1.9634954084936207 2.199114857512855 -0.011217622035985642
1.9634954084936207 2.356194490192345 -0.011220082974460865
1.9634954084936207 2.5132741228718345 -0.011222516887215761
1.9634954084936207 2.670353755551324 -0.011222946029022296
1.9634954084936207 2.827433388230814 -0.011221014575397703
1.9634954084936207 2.9845130209103035 -0.011218296352808466
1.9634954084936207 3.141592653589793 -0.011217030071378531
1.9634954084936207 3.2986722862692828 -0.011218602952936862
1.9634954084936207 3.4557519189487724 -0.011223110640997902
1.9634954084936207 3.612831551628262 -0.011229734015103077
1.9634954084936207 3.7699111843077517 -0.011237045710970506
1.9634954084936207 3.9269908169872414 -0.011243213671320973
1.9634954084936207 4.084070449666731 -0.011246491717059826
1.9634954084936207 4.241150082346221 -0.011245956513533883
1.9634954084936207 4.39822971502571 -0.011241985920946718
1.9634954084936207 4.5553093477052 -0.011236066294941338
1.9634954084936207 4.71238898038469 -0.011230005536475574
1.9634954084936207 4.869468613064179 -0.011225068732443333
1.9634954084936207 5.026548245743669 -0.011221676925686097
1.9634954084936207 5.183627878423159 -0.01121978557807779
1.9634954084936207 5.340707511102648 -0.011219301034941509
1.9634954084936207 5.497787143782138 -0.011219946230994537
1.9634954084936207 5.654866776461628 -0.011220887105338306
1.9634954084936207 5.811946409141117 -0.011221103224613671
1.9634954084936207 5.969026041820607 -0.011220401444717254
1.9634954084936207 6.126105674500097 -0.011219642632141813
1.9634954084936207 6.283185307179586 -0.011219820812101489
2.0420352248333655 0.0 -0.011204869885062863
2.0420352248333655 0.15707963267948966 -0.011206801414630263
2.0420352248333655 0.3141592653589793 -0.011209982822435904
2.0420352248333655 0.47123889803846897 -0.011214478974267195
2.0420352248333655 0.6283185307179586 -0.011220099953959561
2.0420352248333655 0.7853981633974483 -0.011225967409529858
2.0420352248333655 0.9424777960769379 -0.011230541323214993
2.0420352248333655 1.0995574287564276 -0.011232266696424631
2.0420352248333655 1.2566370614359172 -0.01123036570209024
2.0420352248333655 1.413716694115407 -0.011225238175455843
2.0420352248333655 1.5707963267948966 -0.011218264461462013
2.0420352248333655 1.7278759594743862 -0.01121122268233421
2.0420352248333655 1.8849555921538759 -0.011205725128036192
2.0420352248333655 2.0420352248333655 -0.011202864920306865
2.0420352248333655 2.199114857512855 -0.011202907926417538
2.0420352248333655 2.356194490192345 -0.011204943348388952
2.0420352248333655 2.5132741228718345 -0.01120704678331208
2.0420352248333655 2.670353755551324 -0.011207420287320247
2.0420352248333655 2.827433388230814 -0.011205743637162868
2.0420352248333655 2.9845130209103035 -0.011203438682571232
2.0420352248333655 3.141592653589793 -0.011202571752420454
2.0420352248333655 3.2986722862692828 -0.01120447124080215
2.0420352248333655 3.4557519189487724 -0.01120921444444889
2.0420352248333655 3.612831551628262 -0.01121590749966117
2.0420352248333655 3.7699111843077517 -0.011223054733022764
2.0420352248333655 3.9269908169872414 -0.01122887892049107
2.0420352248333655 4.084070449666731 -0.011231814724851574
2.0420352248333655 4.241150082346221 -0.011231120449082255
2.0420352248333655 4.39822971502571 -0.011227228472819206
2.0420352248333655 4.5553093477052 -0.011221526239410196
2.0420352248333655 4.71238898038469 -0.011215649683606443
2.0420352248333655 4.869468613064179 -0.011210737532081794
2.0420352248333655 5.026548245743669 -0.011207181744680383
2.0420352248333655 5.183627878423159 -0.01120495038151148
2.0420352248333655 5.340707511102648 -0.011203951931037182
2.0420352248333655 5.497787143782138 -0.011203974441315268
2.0420352248333655 5.654866776461628 -0.011204419784064612
2.0420352248333655 5.811946409141117 -0.011204557015531691
2.0420352248333655 5.969026041820607 -0.011204249974866798
2.0420352248333655 6.126105674500097 -0.0112041185407179
2.0420352248333655 6.283185307179586 -0.011204869885062863
2.1205750411731104 0.0 -0.011187879234967113
2.1205750411731104 0.15707963267948966 -0.011190265473629779
2.1205750411731104 0.3141592653589793 -0.011193731074143898
2.1205750411731104 0.47123889803846897 -0.01119831404119509
2.1205750411731104 0.6283185307179586 -0.011203814511702603
2.1205750411731104 0.7853981633974483 -0.011209440805998838
2.1205750411731104 0.9424777960769379 -0.011213832226019349
2.1205750411731104 1.0995574287564276 -0.011215596862058419
2.1205750411731104 1.2566370614359172 -0.011213990005046526
2.1205750411731104 1.413716694115407 -0.011209286942232666
2.1205750411731104 1.5707963267948966 -0.011202671517139606
2.1205750411731104 1.7278759594743862 -0.01119578328828652
2.1205750411731104 1.8849555921538759 -0.01119021071801285
2.1205750411731104 2.0420352248333655 -0.01118708368792909
2.1205750411731104 2.199114857512855 -0.011186699611755557
2.1205750411731104 2.356194490192345 -0.011188223569888578
2.1205750411731104 2.5132741228718345 -0.0111899281139074
2.1205750411731104 2.670353755551324 -0.011190235305747365
2.1205750411731104 2.827433388230814 -0.01118886653989648
2.1205750411731104 2.9845130209103035 -0.011187062733711173
2.1205750411731104 3.141592653589793 -0.011186660101998314
2.1205750411731104 3.2986722862692828 -0.011188871934763256
2.1205750411731104 3.4557519189487724 -0.011193745800483157
2.1205750411731104 3.612831551628262 -0.011200355377667393
2.1205750411731104 3.7699111843077517 -0.011207199770524312
2.1205750411731104 3.9269908169872414 -0.01121260151791148
2.1205750411731104 4.084070449666731 -0.011215184857633176
2.1205750411731104 4.241150082346221 -0.011214367939203385
2.1205750411731104 4.39822971502571 -0.011210601987841073
2.1205750411731104 4.5553093477052 -0.011205143913400661
2.1205750411731104 4.71238898038469 -0.011199442478812216
2.1205750411731104 4.869468613064179 -0.01119451305382313
2.1205750411731104 5.026548245743669 -0.011190732387063917
2.1205750411731104 5.183627878423159 -0.011188099703502985
2.1205750411731104 5.340707511102648 -0.011186546040590883
2.1205750411731104 5.497787143782138 -0.011185934847503631
2.1205750411731104 5.654866776461628 -0.011185891049308339
2.1205750411731104 5.811946409141117 -0.011185951054187626
2.1205750411731104 5.969026041820607 -0.011186030587310825
2.1205750411731104 6.126105674500097 -0.01118652650399099
2.1205750411731104 6.283185307179586 -0.011187879234967113
2.199114857512855 0.0 -0.011169246048496007
2.199114857512855 0.15707963267948966 -0.01117211389268391
2.199114857512855 0.3141592653589793 -0.011175903131544374
2.199114857512855 0.47123889803846897 -0.01118060539289445
2.199114857512855 0.6283185307179586 -0.011185998853761703
2.199114857512855 0.7853981633974483 -0.0111913721551673
2.199114857512855 0.9424777960769379 -0.011195547895340496
2.199114857512855 1.0995574287564276 -0.011197316868333473
2.199114857512855 1.2566370614359172 -0.01119599938536453
2.199114857512855 1.413716694115407 -0.011191777964313587
2.199114857512855 1.5707963267948966 -0.01118565042429509
2.199114857512855 1.7278759594743862 -0.011179089555497512
2.199114857512855 1.8849555921538759 -0.01117359956214159
2.199114857512855 2.0420352248333655 -0.011170289752385543
2.199114857512855 2.199114857512855 -0.011169477225706714
2.199114857512855 2.356194490192345 -0.011170442254410773
2.199114857512855 2.5132741228718345 -0.011171705771374718
2.199114857512855 2.670353755551324 -0.011171939914447648
2.199114857512855 2.827433388230814 -0.011170911845425735
2.199114857512855 2.9845130209103035 -0.011169660773362011
2.199114857512855 3.141592653589793 -0.011169746559374971
2.199114857512855 3.2986722862692828 -0.011172218072374562
2.199114857512855 3.4557519189487724 -0.011177084835026108
2.199114857512855 3.612831551628262 -0.01118343453438797
2.199114857512855 3.7699111843077517 -0.01118982715280481
2.199114857512855 3.9269908169872414 -0.011194726699130797
2.199114857512855 4.084070449666731 -0.011196946857182866
2.199114857512855 4.241150082346221 -0.011196037737562392
2.199114857512855 4.39822971502571 -0.011192435413136081
2.199114857512855 4.5553093477052 -0.01118724198411769
2.199114857512855 4.71238898038469 -0.011181710481480422
2.199114857512855 4.869468613064179 -0.01117673679036102
2.199114857512855 5.026548245743669 -0.01117269216274508
2.199114857512855 5.183627878423159 -0.011169622902627907
2.199114857512855 5.340707511102648 -0.011167504683641027
2.199114857512855 5.497787143782138 -0.011166286197550335
2.199114857512855 5.654866776461628 -0.011165790343170556
2.199114857512855 5.811946409141117 -0.01116577986192624
2.199114857512855 5.969026041820607 -0.01116621325769529
2.199114857512855 6.126105674500097 -0.011167298583842467
2.199114857512855 6.283185307179586 -0.011169246048496007
2.2776546738526 0.0 -0.011149436221131737
2.2776546738526 0.15707963267948966 -0.011152769756279213
2.2776546738526 0.3141592653589793 -0.011156885125814142
2.2776546738526 0.47123889803846897 -0.011161712125783652
2.2776546738526 0.6283185307179586 -0.01116699966678425
2.2776546738526 0.7853981633974483 -0.011172111276891883
2.2776546738526 0.9424777960769379 -0.011176051088057193
2.2776546738526 1.0995574287564276 -0.011177802859663188
2.2776546738526 1.2566370614359172 -0.011176777011939976
2.2776546738526 1.413716694115407 -0.011173094690491325
2.2776546738526 1.5707963267948966 -0.011167583860640207
2.2776546738526 1.7278759594743862 -0.01116152982552876
2.2776546738526 1.8849555921538759 -0.011156297812647153
2.2776546738526 2.0420352248333655 -0.011152922339874749
2.2776546738526 2.199114857512855 -0.011151726608545687
2.2776546738526 2.356194490192345 -0.011152134621568166
2.2776546738526 2.5132741228718345 -0.011152949529133593
2.2776546738526 2.670353755551324 -0.011153109113507753
2.2776546738526 2.827433388230814 -0.011152427983716962
2.2776546738526 2.9845130209103035 -0.011151734081238374
2.2776546738526 3.141592653589793 -0.01115228279812186
2.2776546738526 3.2986722862692828 -0.011154923379507409
2.2776546738526 3.4557519189487724 -0.011159623237887217
2.2776546738526 3.612831551628262 -0.011165528086820586
2.2776546738526 3.7699111843077517 -0.011171319552374825
2.2776546738526 3.9269908169872414 -0.011175637694350371
2.2776546738526 4.084070449666731 -0.0111774795464612
2.2776546738526 4.241150082346221 -0.011176497109119055
2.2776546738526 4.39822971502571 -0.011173082471628959
2.2776546738526 4.5553093477052 -0.01116816765124895
2.2776546738526 4.71238898038469 -0.011162808538529134
2.2776546738526 4.869468613064179 -0.011157786419232707
2.2776546738526 5.026548245743669 -0.011153472803414388
2.2776546738526 5.183627878423159 -0.0111499727112232
2.2776546738526 5.340707511102648 -0.011147325169247324
2.2776546738526 5.497787143782138 -0.011145568357221691
2.2776546738526 5.654866776461628 -0.011144687250435936
2.2776546738526 5.811946409141117 -0.01114461752561624
2.2776546738526 5.969026041820607 -0.011145349014952899
2.2776546738526 6.126105674500097 -0.011146945663767838
2.2776546738526 6.283185307179586 -0.011149436221160158
2.356194490192345 0.0 -0.011128984835551137
2.356194490192345 0.15707963267948966 -0.011132713539666383
2.356194490192345 0.3141592653589793 -0.011137107848441019
2.356194490192345 0.47123889803846897 -0.011142028136845283
2.356194490192345 0.6283185307179586 -0.011147192246511395
2.356194490192345 0.7853981633974483 -0.011152033825993612
2.356194490192345 0.9424777960769379 -0.01115573068852882
2.356194490192345 1.0995574287564276 -0.01115745954601266
2.356194490192345 1.2566370614359172 -0.011156736811074097
2.356194490192345 1.413716694115407 -0.011153649267384935
2.356194490192345 1.5707963267948966 -0.011148873234503753
2.356194490192345 1.7278759594743862 -0.011143494319526326
2.356194490192345 1.8849555921538759 -0.011138696452945851
2.356194490192345 2.0420352248333655 -0.01113539579080225
2.356194490192345 2.199114857512855 -0.011133908390974057
2.356194490192345 2.356194490192345 -0.01113381551516568
2.356194490192345 2.5132741228718345 -0.011134213192462994
2.356194490192345 2.670353755551324 -0.011134302671166552
2.356194490192345 2.827433388230814 -0.011133944781306582
2.356194490192345 2.9845130209103035 -0.011133760078053001
2.356194490192345 3.141592653589793 -0.011134694414295154
2.356194490192345 3.2986722862692828 -0.011137381693316684
2.356194490192345 3.4557519189487724 -0.011141747992468254
2.356194490192345 3.612831551628262 -0.011147032371781052
2.356194490192345 3.7699111843077517 -0.011152085663553635
2.356194490192345 3.9269908169872414 -0.011155748325222703
2.356194490192345 4.084070449666731 -0.011157190620849633
2.356194490192345 4.241150082346221 -0.01115613929496817
2.356194490192345 4.39822971502571 -0.011152921500325874
2.356194490192345 4.5553093477052 -0.011148294325522556
2.356194490192345 4.71238898038469 -0.011143122638145542
2.356194490192345 4.869468613064179 -0.011138079374347853
2.356194490192345 5.026548245743669 -0.011133537917658032
2.356194490192345 5.183627878423159 -0.011129666734149168
2.356194490192345 5.340707511102648 -0.011126578056632752
2.356194490192345 5.497787143782138 -0.011124394232012946
2.356194490192345 5.654866776461628 -0.011123219292358044
2.356194490192345 5.811946409141117 -0.01112310482105272
2.356194490192345 5.969026041820607 -0.0111240602636542
2.356194490192345 6.126105674500097 -0.011126053020632298
2.356194490192345 6.283185307179586 -0.011128984835551137
2.4347343065320897 0.0 -0.011108489812102107
2.4347343065320897 0.15707963267948966 -0.01111248440804502
2.4347343065320897 0.3141592653589793 -0.011117053309504854
2.4347343065320897 0.47123889803846897 -0.011121991036787904
2.4347343065320897 0.6283185307179586 -0.011126989205394011
2.4347343065320897 0.7853981633974483 -0.011131547683021381
2.4347343065320897 0.9424777960769379 -0.011135004279935856
2.4347343065320897 1.0995574287564276 -0.011136718217727548
2.4347343065320897 1.2566370614359172 -0.011136316909301058
2.4347343065320897 1.413716694115407 -0.011133872071241058
2.4347343065320897 1.5707963267948966 -0.011129925811843577
2.4347343065320897 1.7278759594743862 -0.011125361139306733
2.4347343065320897 1.8849555921538759 -0.011121155641347968
2.4347343065320897 2.0420352248333655 -0.011118079518951163
2.4347343065320897 2.199114857512855 -0.01111643026757747
2.4347343065320897 2.356194490192345 -0.011115943021678731
2.4347343065320897 2.5132741228718345 -0.011115992173984068
2.4347343065320897 2.670353755551324 -0.011116021791508501
2.4347343065320897 2.827433388230814 -0.011115934747834899
2.4347343065320897 2.9845130209103035 -0.011116161906301159
2.4347343065320897 3.141592653589793 -0.011117359037967844
2.4347343065320897 3.2986722862692828 -0.011119950730687833
2.4347343065320897 3.4557519189487724 -0.011123827453133117
2.4347343065320897 3.612831551628262 -0.011128343973297206
2.4347343065320897 3.7699111843077517 -0.011132549001757752
2.4347343065320897 3.9269908169872414 -0.0111354950167879
2.4347343065320897 4.084070449666731 -0.011136513430358264
2.4347343065320897 4.241150082346221 -0.011135384873597332
2.4347343065320897 4.39822971502571 -0.01113236103338977
2.4347343065320897 4.5553093477052 -0.011128029737704992
2.4347343065320897 4.71238898038469 -0.011123078867399272
2.4347343065320897 4.869468613064179 -0.01111808033027728
2.4347343065320897 5.026548245743669 -0.011113406261245018
2.4347343065320897 5.183627878423159 -0.011109283775397216
2.4347343065320897 5.340707511102648 -0.011105895324078574
2.4347343065320897 5.497787143782138 -0.011103431290337085
2.4347343065320897 5.654866776461628 -0.01110206997859109
2.4347343065320897 5.811946409141117 -0.011101926858316347
2.4347343065320897 5.969026041820607 -0.01110302090381765
2.4347343065320897 6.126105674500097 -0.011105266069250774
2.4347343065320897 6.283185307179586 -0.011108489812102107
2.5132741228718345 0.0 -0.011088594428514398
2.5132741228718345 0.15707963267948966 -0.011092673913992712
2.5132741228718345 0.3141592653589793 -0.011097258178978109
2.5132741228718345 0.47123889803846897 -0.011102091727991592
2.5132741228718345 0.6283185307179586 -0.011106852086811614
2.5132741228718345 0.7853981633974483 -0.011111102969124431
2.5132741228718345 0.9424777960769379 -0.011114324039340318
2.5132741228718345 1.0995574287564276 -0.011116037140766366
2.5132741228718345 1.2566370614359172 -0.011115974358915537
2.5132741228718345 1.413716694115407 -0.011114202275734897
2.5132741228718345 1.5707963267948966 -0.011111144108440385
2.5132741228718345 1.7278759594743862 -0.011107486995200588
2.5132741228718345 1.8849555921538759 -0.011103996454266962
2.5132741228718345 2.0420352248333655 -0.011101286956375134
2.5132741228718345 2.199114857512855 -0.011099628363979264
2.5132741228718345 2.356194490192345 -0.011098890343248513
2.5132741228718345 2.5132741228718345 -0.011098688458787365
2.5132741228718345 2.670353755551324 -0.011098673018778982
2.5132741228718345 2.827433388230814 -0.01109878229340211
2.5132741228718345 2.9845130209103035 -0.01109928692505946
2.5132741228718345 3.141592653589793 -0.01110059371802663
2.5132741228718345 3.2986722862692828 -0.011102944119613767
2.5132741228718345 3.4557519189487724 -0.01110620329137646
2.5132741228718345 3.612831551628262 -0.011109849905608371
2.5132741228718345 3.7699111843077517 -0.011113138183475257
2.5132741228718345 3.9269908169872414 -0.011115330448319583
2.5132741228718345 4.084070449666731 -0.01111590598762291
2.5132741228718345 4.241150082346221 -0.011114686445893085
2.5132741228718345 4.39822971502571 -0.011111848687590964
2.5132741228718345 4.5553093477052 -0.011107827749270882
2.5132741228718345 4.71238898038469 -0.011103154399393134
2.5132741228718345 4.869468613064179 -0.011098307390881246
2.5132741228718345 5.026548245743669 -0.011093649212256196
2.5132741228718345 5.183627878423159 -0.01108945016534335
2.5132741228718345 5.340707511102648 -0.011085946357070497
2.5132741228718345 5.497787143782138 -0.01108337129909387
2.5132741228718345 5.654866776461628 -0.011081936624435684
2.5132741228718345 5.811946409141117 -0.0110817808657373
2.5132741228718345 5.969026041820607 -0.011082925243528052
2.5132741228718345 6.126105674500097 -0.011085263820007185
2.5132741228718345 6.283185307179586 -0.011088594428514398
2.5918139392115793 0.0 -0.011069956524977442
2.5918139392115793 0.15707963267948966 -0.01107390711484868
2.5918139392115793 0.3141592653589793 -0.011078307261499276
2.5918139392115793 0.47123889803846897 -0.01108287741010372
2.5918139392115793 0.6283185307179586 -0.011087299541003404
2.5918139392115793 0.7853981633974483 -0.011091200984537863
2.5918139392115793 0.9424777960769379 -0.01109418286358732
2.5918139392115793 1.0995574287564276 -0.011095902876718355
2.5918139392115793 1.2566370614359172 -0.011096181586168541
2.5918139392115793 1.413716694115407 -0.011095081587598088
2.5918139392115793 1.5707963267948966 -0.01109292057489597
2.5918139392115793 1.7278759594743862 -0.01109020574770625
2.5918139392115793 1.8849555921538759 -0.011087502824068451
2.5918139392115793 2.0420352248333655 -0.011085276652806897
2.5918139392115793 2.199114857512855 -0.011083762460060598
2.5918139392115793 2.356194490192345 -0.011082932977529936
2.5918139392115793 2.5132741228718345 -0.011082591800317232
2.5918139392115793 2.670353755551324 -0.011082548521358149
2.5918139392115793 2.827433388230814 -0.011082768638488005
2.5918139392115793 2.9845130209103035 -0.011083399569599806
2.5918139392115793 3.141592653589793 -0.0110846550095971
2.5918139392115793 3.2986722862692828 -0.01108663426762746
2.5918139392115793 3.4557519189487724 -0.011089191057209291
2.5918139392115793 3.612831551628262 -0.011091923903677525
2.5918139392115793 3.7699111843077517 -0.011094281010031182
2.5918139392115793 3.9269908169872414 -0.011095719270826976
2.5918139392115793 4.084070449666731 -0.01109585119257872
2.5918139392115793 4.241150082346221 -0.011094534002580758
2.5918139392115793 4.39822971502571 -0.011091880655044406
2.5918139392115793 4.5553093477052 -0.01108819795376803
2.5918139392115793 4.71238898038469 -0.011083883409952477
2.5918139392115793 4.869468613064179 -0.011079329775668612
2.5918139392115793 5.026548245743669 -0.011074876625798424
2.5918139392115793 5.183627878423159 -0.01107081289268308
2.5918139392115793 5.340707511102648 -0.011067401331303017
2.5918139392115793 5.497787143782138 -0.011064889476642747
2.5918139392115793 5.654866776461628 -0.011063489435798601
2.5918139392115793 5.811946409141117 -0.011063335553558318
2.5918139392115793 5.969026041820607 -0.011064447045356474
2.5918139392115793 6.126105674500097 -0.011066720307894684
2.5918139392115793 6.283185307179586 -0.011069956524977442
2.670353755551324 0.0 -0.01105320608738225
2.670353755551324 0.15707963267948966 -0.0110568093980703
2.670353755551324 0.3141592653589793 -0.011060811905366563
2.670353755551324 0.47123889803846897 -0.011064940774758725
2.670353755551324 0.6283185307179586 -0.011068904344966768
2.670353755551324 0.7853981633974483 -0.011072395205076191
2.670353755551324 0.9424777960769379 -0.011075115736474572
2.670353755551324 1.0995574287564276 -0.011076829747878492
2.670353755551324 1.2566370614359172 -0.011077423960415445
2.670353755551324 1.413716694115407 -0.011076952162767384
2.670353755551324 1.5707963267948966 -0.011075639138113047
2.670353755551324 1.7278759594743862 -0.011073835767518858
2.670353755551324 1.8849555921538759 -0.011071933857380145
2.670353755551324 2.0420352248333655 -0.011070265866607087
2.670353755551324 2.199114857512855 -0.011069026949542149
2.670353755551324 2.356194490192345 -0.011068255335800359
2.670353755551324 2.5132741228718345 -0.01106788302570294
2.670353755551324 2.670353755551324 -0.011067828901275334
2.670353755551324 2.827433388230814 -0.011068077205919735
2.670353755551324 2.9845130209103035 -0.0110686910827269
2.670353755551324 3.141592653589793 -0.011069752277649059
2.670353755551324 3.2986722862692828 -0.011071265877149017
2.670353755551324 3.4557519189487724 -0.011073089773532274
2.670353755551324 3.612831551628262 -0.011074930069469247
2.670353755551324 3.7699111843077517 -0.011076403495394516
2.670353755551324 3.9269908169872414 -0.011077135780539038
2.670353755551324 4.084070449666731 -0.011076856019570869
2.670353755551324 4.241150082346221 -0.011075456455472477
2.670353755551324 4.39822971502571 -0.011073003732178677
2.670353755551324 4.5553093477052 -0.011069705288264231
2.670353755551324 4.71238898038469 -0.011065850096485974
2.670353755551324 4.869468613064179 -0.011061750777571433
2.670353755551324 5.026548245743669 -0.011057707962208951
2.670353755551324 5.183627878423159 -0.011054000093650984
2.670353755551324 5.340707511102648 -0.01105088527410203
2.670353755551324 5.497787143782138 -0.01104859721422713
2.670353755551324 5.654866776461628 -0.01104732558931687
2.670353755551324 5.811946409141117 -0.011047185610181032
2.670353755551324 5.969026041820607 -0.011048192703782433
2.670353755551324 6.126105674500097 -0.01105025772682211
2.670353755551324 6.283185307179586 -0.01105320608738225
2.748893571891069 0.0 -0.011038897241178347
2.748893571891069 0.15707963267948966 -0.011041962375742287
2.748893571891069 0.3141592653589793 -0.011045372993521596
2.748893571891069 0.47123889803846897 -0.01104889159731215
2.748893571891069 0.6283185307179586 -0.011052273328488127
2.748893571891069 0.7853981633974483 -0.011055277980148048
2.748893571891069 0.9424777960769379 -0.01105769101803844
2.748893571891069 1.0995574287564276 -0.011059354059085535
2.748893571891069 1.2566370614359172 -0.011060196860114502
2.748893571891069 1.413716694115407 -0.011060257936151174
2.748893571891069 1.5707963267948966 -0.011059682548903993
2.748893571891069 1.7278759594743862 -0.011058693936149666
2.748893571891069 1.8849555921538759 -0.01105754331157982
2.748893571891069 2.0420352248333655 -0.011056453372844999
2.748893571891069 2.199114857512855 -0.011055575281915253
2.748893571891069 2.356194490192345 -0.011054976010598239
2.748893571891069 2.5132741228718345 -0.011054659753682472
2.748893571891069 2.670353755551324 -0.011054608988956716
2.748893571891069 2.827433388230814 -0.011054819072228383
2.748893571891069 2.9845130209103035 -0.011055304219752315
2.748893571891069 3.141592653589793 -0.01105607103235684
2.748893571891069 3.2986722862692828 -0.011057076573791846
2.748893571891069 3.4557519189487724 -0.011058197814321602
2.748893571891069 3.612831551628262 -0.011059232362356397
2.748893571891069 3.7699111843077517 -0.011059932968322528
2.748893571891069 3.9269908169872414 -0.01106006216213018
2.748893571891069 4.084070449666731 -0.011059446667900374
2.748893571891069 4.241150082346221 -0.011058014247595338
2.748893571891069 4.39822971502571 -0.011055804225890142
2.748893571891069 4.5553093477052 -0.011052952957584239
2.748893571891069 4.71238898038469 -0.01104966372133731
2.748893571891069 4.869468613064179 -0.011046174052353308
2.748893571891069 5.026548245743669 -0.011042730611762863
2.748893571891069 5.183627878423159 -0.011039574111066486
2.748893571891069 5.340707511102648 -0.011036929592677325
2.748893571891069 5.497787143782138 -0.011034994967275225
2.748893571891069 5.654866776461628 -0.011033924062871847
2.748893571891069 5.811946409141117 -0.011033806889258813
2.748893571891069 5.969026041820607 -0.011034654831490798
2.748893571891069 6.126105674500097 -0.01103639813837276
2.748893571891069 6.283185307179586 -0.011038897241206769
2.827433388230814 0.0 -0.011027463697843132
2.827433388230814 0.15707963267948966 -0.011029856902894153
2.827433388230814 0.3141592653589793 -0.011032534009018491
2.827433388230814 0.47123889803846897 -0.011035312866255254
2.827433388230814 0.6283185307179586 -0.011038009274074057
2.827433388230814 0.7853981633974483 -0.011040450028474424
2.827433388230814 0.9424777960769379 -0.011042488230600611
2.827433388230814 1.0995574287564276 -0.011044020093208928
2.827433388230814 1.2566370614359172 -0.011044999692103374
2.827433388230814 1.413716694115407 -0.01104544653574635
2.827433388230814 1.5707963267948966 -0.011045441664379041
2.827433388230814 1.7278759594743862 -0.011045111156136045
2.827433388230814 1.8849555921538759 -0.011044600257349657
2.827433388230814 2.0420352248333655 -0.011044045233177258
2.827433388230814 2.199114857512855 -0.011043551617092362
2.827433388230814 2.356194490192345 -0.011043185422437318
2.827433388230814 2.5132741228718345 -0.011042978220643818
2.827433388230814 2.670353755551324 -0.011042940282607105
2.827433388230814 2.827433388230814 -0.01104307213518041
2.827433388230814 2.9845130209103035 -0.011043366610692829
2.827433388230814 3.141592653589793 -0.011043800032979334
2.827433388230814 3.2986722862692828 -0.011044318589597424
2.827433388230814 3.4557519189487724 -0.011044829642116838
2.827433388230814 3.612831551628262 -0.011045205641153188
2.827433388230814 3.7699111843077517 -0.011045302108101396
2.827433388230814 3.9269908169872414 -0.011044984676914282
2.827433388230814 4.084070449666731 -0.011044156700876329
2.827433388230814 4.241150082346221 -0.011042779387224755
2.827433388230814 4.39822971502571 -0.01104087979925339
2.827433388230814 4.5553093477052 -0.011038546497104562
2.827433388230814 4.71238898038469 -0.01103591629919265
2.827433388230814 4.869468613064179 -0.01103315731225507
2.827433388230814 5.026548245743669 -0.01103045254370727
2.827433388230814 5.183627878423159 -0.01102798589695908
2.827433388230814 5.340707511102648 -0.011025929865894568
2.827433388230814 5.497787143782138 -0.011024433275281353
2.827433388230814 5.654866776461628 -0.011023608470509316
2.827433388230814 5.811946409141117 -0.011023519444478325
2.827433388230814 5.969026041820607 -0.011024173956883487
2.827433388230814 6.126105674500097 -0.011025522365116558
2.827433388230814 6.283185307179586 -0.011027463697843132
2.9059732045705586 0.0 -0.011019186915632417
2.9059732045705586 0.15707963267948966 -0.011020853152189147
2.9059732045705586 0.3141592653589793 -0.011022733717254596
2.9059732045705586 0.47123889803846897 -0.011024709307292824
2.9059732045705586 0.6283185307179586 -0.011026660103709673
2.9059732045705586 0.7853981633974483 -0.011028475316948061
2.9059732045705586 0.9424777960769379 -0.011030062569318488
2.9059732045705586 1.0995574287564276 -0.011031356294950001
2.9059732045705586 1.2566370614359172 -0.011032323770336916
2.9059732045705586 1.413716694115407 -0.011032967198389088
2.9059732045705586 1.5707963267948966 -0.011033320762294352
2.9059732045705586 1.7278759594743862 -0.011033442717121034
2.9059732045705586 1.8849555921538759 -0.011033404029149096
2.9059732045705586 2.0420352248333655 -0.011033276209815313
2.9059732045705586 2.199114857512855 -0.011033121277023383
2.9059732045705586 2.356194490192345 -0.011032985907860393
2.9059732045705586 2.5132741228718345 -0.011032900089077202
2.9059732045705586 2.670353755551324 -0.01103287871561065
2.9059732045705586 2.827433388230814 -0.011032923614692436
2.9059732045705586 2.9845130209103035 -0.011033023959726052
2.9059732045705586 3.141592653589793 -0.011033154726391103
2.9059732045705586 3.2986722862692828 -0.011033274738224463
2.9059732045705586 3.4557519189487724 -0.01103332682558289
2.9059732045705586 3.612831551628262 -0.011033242125222387
2.9059732045705586 3.7699111843077517 -0.011032948884889038
2.9059732045705586 3.9269908169872414 -0.011032384226467684
2.9059732045705586 4.084070449666731 -0.011031506086425225
2.9059732045705586 4.241150082346221 -0.011030302454770435
2.9059732045705586 4.39822971502571 -0.011028795954985071
2.9059732045705586 4.5553093477052 -0.011027043222071597
2.9059732045705586 4.71238898038469 -0.011025129850736448
2.9059732045705586 4.869468613064179 -0.011023162424976363
2.9059732045705586 5.026548245743669 -0.01102125917125818
2.9059732045705586 5.183627878423159 -0.011019540288941698
2.9059732045705586 5.340707511102648 -0.011018118475135452
2.9059732045705586 5.497787143782138 -0.011017089871330654
2.9059732045705586 5.654866776461628 -0.011016525849129266
2.9059732045705586 5.811946409141117 -0.011016466424990767
2.9059732045705586 5.969026041820607 -0.0110169163175442
2.9059732045705586 6.126105674500097 -0.011017844433183654
2.9059732045705586 6.283185307179586 -0.011019186915575574
2.9845130209103035 0.0 -0.01101418345416505
2.9845130209103035 0.15707963267948966 -0.011015155846962443
2.9845130209103035 0.3141592653589793 -0.011016268322777023
2.9845130209103035 0.47123889803846897 -0.011017458996860796
2.9845130209103035 0.6283185307179586 -0.011018665348956347
2.9845130209103035 0.7853981633974483 -0.011019829087160815
2.9845130209103035 0.9424777960769379 -0.011020900564915337
2.9845130209103035 1.0995574287564276 -0.01102184231669412
2.9845130209103035 1.2566370614359172 -0.011022631285129592
2.9845130209103035 1.413716694115407 -0.011023259406442776
2.9845130209103035 1.5707963267948966 -0.011023732430260225
2.9845130209103035 1.7278759594743862 -0.011024067154210115
2.9845130209103035 1.8849555921538759 -0.011024287563827784
2.9845130209103035 2.0420352248333655 -0.011024420580838523
2.9845130209103035 2.199114857512855 -0.011024492139682707
2.9845130209103035 2.356194490192345 -0.011024524126185042
2.9845130209103035 2.5132741228718345 -0.011024532382350571
2.9845130209103035 2.670353755551324 -0.011024525654022455
2.9845130209103035 2.827433388230814 -0.011024505180301958
2.9845130209103035 2.9845130209103035 -0.011024464664160405
2.9845130209103035 3.141592653589793 -0.011024390577006216
2.9845130209103035 3.2986722862692828 -0.011024262997466394
2.9845130209103035 3.4557519189487724 -0.011024057288352651
2.9845130209103035 3.612831551628262 -0.01102374681852325
2.9845130209103035 3.7699111843077517 -0.011023306642982789
2.9845130209103035 3.9269908169872414 -0.011022717708016216
2.9845130209103035 4.084070449666731 -0.011021970897871824
2.9845130209103035 4.241150082346221 -0.011021070194402682
2.9845130209103035 4.39822971502571 -0.011020034366453046
2.9845130209103035 4.5553093477052 -0.011018896906392683
2.9845130209103035 4.71238898038469 -0.011017704246569338
2.9845130209103035 4.869468613064179 -0.011016512541999646
2.9845130209103035 5.026548245743669 -0.011015383435733384
2.9845130209103035 5.183627878423159 -0.011014379258995177
2.9845130209103035 5.340707511102648 -0.011013558088905029
2.9845130209103035 5.497787143782138 -0.011012969058924682
2.9845130209103035 5.654866776461628 -0.011012648304699724
2.9845130209103035 5.811946409141117 -0.01101261591486491
2.9845130209103035 5.969026041820607 -0.011012874201469458
2.9845130209103035 6.126105674500097 -0.01101340748962798
2.9845130209103035 6.283185307179586 -0.011014183454136628
3.0630528372500483 0.0 -0.011012413345639516
3.0630528372500483 0.15707963267948966 -0.011012808536747798
3.0630528372500483 0.3141592653589793 -0.01101327020228382
3.0630528372500483 0.47123889803846897 -0.011013778178153188
3.0630528372500483 0.6283185307179586 -0.011014311527020482
3.0630528372500483 0.7853981633974483 -0.011014849898344892
3.0630528372500483 0.9424777960769379 -0.011015374752417983
3.0630528372500483 1.0995574287564276 -0.011015870341793743
3.0630528372500483 1.2566370614359172 -0.011016324367517427
3.0630528372500483 1.413716694115407 -0.011016728266042719
3.0630528372500483 1.5707963267948966 -0.011017077121664443
3.0630528372500483 1.7278759594743862 -0.011017369245763575
3.0630528372500483 1.8849555921538759 -0.011017605501024264
3.0630528372500483 2.0420352248333655 -0.01101778847240098
3.0630528372500483 2.199114857512855 -0.011017921595254165
3.0630528372500483 2.356194490192345 -0.011018008341835639
3.0630528372500483 2.5132741228718345 -0.011018051544681384
3.0630528372500483 2.670353755551324 -0.011018052909861353
3.0630528372500483 2.827433388230814 -0.011018012749502759
3.0630528372500483 2.9845130209103035 -0.011017929947598759
3.0630528372500483 3.141592653589793 -0.011017802158335144
3.0630528372500483 3.2986722862692828 -0.011017626228039035
3.0630528372500483 3.4557519189487724 -0.011017398817301682
3.0630528372500483 3.612831551628262 -0.011017117176692182
3.0630528372500483 3.7699111843077517 -0.011016780006031013
3.0630528372500483 3.9269908169872414 -0.011016388302067526
3.0630528372500483 4.084070449666731 -0.011015946086615713
3.0630528372500483 4.241150082346221 -0.011015460907628949
3.0630528372500483 4.39822971502571 -0.011014944027579077
3.0630528372500483 4.5553093477052 -0.01101441024437122
3.0630528372500483 4.71238898038469 -0.011013877337518352
3.0630528372500483 4.869468613064179 -0.011013365173141665
3.0630528372500483 5.026548245743669 -0.011012894538538376
3.0630528372500483 5.183627878423159 -0.01101248580980041
3.0630528372500483 5.340707511102648 -0.011012157568359271
3.0630528372500483 5.497787143782138 -0.011011925291057878
3.0630528372500483 5.654866776461628 -0.011011800228914126
3.0630528372500483 5.811946409141117 -0.01101178857786067
3.0630528372500483 5.969026041820607 -0.011011891014703679
3.0630528372500483 6.126105674500097 -0.011012102641672072
3.0630528372500483 6.283185307179586 -0.011012413345639516
3.141592653589793 0.0 -0.011013706655006672
3.141592653589793 0.15707963267948966 -0.011013706655006672
3.141592653589793 0.3141592653589793 -0.011013706655006672
3.141592653589793 0.47123889803846897 -0.011013706655006672
3.141592653589793 0.6283185307179586 -0.011013706655006672
3.141592653589793 0.7853981633974483 -0.011013706655006672
3.141592653589793 0.9424777960769379 -0.011013706655006672
3.141592653589793 1.0995574287564276 -0.011013706655006672
3.141592653589793 1.2566370614359172 -0.011013706655006672
3.141592653589793 1.413716694115407 -0.011013706655006672
3.141592653589793 1.5707963267948966 -0.011013706655006672
3.141592653589793 1.7278759594743862 -0.011013706655006672
3.141592653589793 1.8849555921538759 -0.011013706655006672
3.141592653589793 2.0420352248333655 -0.011013706655006672
3.141592653589793 2.199114857512855 -0.01101370665497825
3.141592653589793 2.356194490192345 -0.011013706655006672
3.141592653589793 2.5132741228718345 -0.011013706655006672
3.141592653589793 2.670353755551324 -0.011013706655006672
3.141592653589793 2.827433388230814 -0.011013706655006672
3.141592653589793 2.9845130209103035 -0.011013706655006672
3.141592653589793 3.141592653589793 -0.011013706655006672
3.141592653589793 3.2986722862692828 -0.011013706655006672
3.141592653589793 3.4557519189487724 -0.011013706655006672
3.141592653589793 3.612831551628262 -0.011013706655006672
3.141592653589793 3.7699111843077517 -0.011013706655006672
3.141592653589793 3.9269908169872414 -0.011013706655006672
3.141592653589793 4.084070449666731 -0.011013706655006672
3.141592653589793 4.241150082346221 -0.011013706655006672
3.141592653589793 4.39822971502571 -0.011013706655006672
3.141592653589793 4.5553093477052 -0.011013706655006672
3.141592653589793 4.71238898038469 -0.011013706655006672
3.141592653589793 4.869468613064179 -0.011013706655006672
3.141592653589793 5.026548245743669 -0.01101370665497825
3.141592653589793 5.183627878423159 -0.011013706655006672
3.141592653589793 5.340707511102648 -0.011013706655006672
3.141592653589793 5.497787143782138 -0.01101370665497825
3.141592653589793 5.654866776461628 -0.011013706655006672
3.141592653589793 5.811946409141117 -0.011013706655006672
3.141592653589793 5.969026041820607 -0.011013706655006672
3.141592653589793 6.126105674500097 -0.011013706655006672
3.141592653589793 6.283185307179586 -0.011013706655006672
